MEME version 4

ALPHABET= ACGT

strands: + -

Background letter frequencies
A 0.25 C 0.25 G 0.25 T 0.25

MOTIF Arnt_MA0004.1
letter-probability matrix: alength= 4 w= 6 nsites= 20 E= 0
 0.200000  0.800000  0.000000  0.000000
 0.950000  0.000000  0.050000  0.000000
 0.000000  1.000000  0.000000  0.000000
 0.000000  0.000000  1.000000  0.000000
 0.000000  0.000000  0.000000  1.000000
 0.000000  0.000000  1.000000  0.000000
URL http://jaspar.genereg.net/matrix/MA0004.1

MOTIF Ahr+Arnt_MA0006.1
letter-probability matrix: alength= 4 w= 6 nsites= 24 E= 0
 0.125000  0.333333  0.083333  0.458333
 0.000000  0.000000  0.958333  0.041667
 0.000000  0.958333  0.000000  0.041667
 0.000000  0.000000  0.958333  0.041667
 0.000000  0.000000  0.000000  1.000000
 0.000000  0.000000  1.000000  0.000000
URL http://jaspar.genereg.net/matrix/MA0006.1

MOTIF Ddit3+Cebpa_MA0019.1
letter-probability matrix: alength= 4 w= 12 nsites= 39 E= 0
 0.358974  0.179487  0.307692  0.153846
 0.282051  0.179487  0.358974  0.179487
 0.461538  0.076923  0.384615  0.076923
 0.000000  0.025641  0.000000  0.974359
 0.000000  0.000000  0.974359  0.025641
 0.102564  0.846154  0.000000  0.051282
 0.974359  0.025641  0.000000  0.000000
 0.923077  0.051282  0.025641  0.000000
 0.000000  0.153846  0.000000  0.846154
 0.358974  0.435897  0.128205  0.076923
 0.102564  0.589744  0.230769  0.076923
 0.000000  0.666667  0.153846  0.179487
URL http://jaspar.genereg.net/matrix/MA0019.1

MOTIF NFIL3_MA0025.1
letter-probability matrix: alength= 4 w= 11 nsites= 23 E= 0
 0.043478  0.000000  0.000000  0.956522
 0.000000  0.000000  0.086957  0.913043
 0.956522  0.000000  0.000000  0.043478
 0.000000  0.347826  0.000000  0.652174
 0.086957  0.000000  0.913043  0.000000
 0.000000  0.000000  0.000000  1.000000
 1.000000  0.000000  0.000000  0.000000
 0.956522  0.000000  0.043478  0.000000
 0.000000  0.478261  0.173913  0.347826
 0.304348  0.217391  0.304348  0.173913
 0.217391  0.217391  0.130435  0.434783
URL http://jaspar.genereg.net/matrix/MA0025.1

MOTIF Mecom_MA0029.1
letter-probability matrix: alength= 4 w= 14 nsites= 27 E= 0
 0.518519  0.074074  0.222222  0.185185
 0.740741  0.037037  0.074074  0.148148
 0.000000  0.037037  0.925926  0.037037
 1.000000  0.000000  0.000000  0.000000
 0.037037  0.370370  0.000000  0.592593
 1.000000  0.000000  0.000000  0.000000
 0.962963  0.000000  0.037037  0.000000
 0.000000  0.000000  1.000000  0.000000
 1.000000  0.000000  0.000000  0.000000
 0.000000  0.111111  0.000000  0.888889
 0.888889  0.037037  0.000000  0.074074
 0.851852  0.000000  0.148148  0.000000
 0.222222  0.259259  0.259259  0.259259
 0.555556  0.222222  0.111111  0.111111
URL http://jaspar.genereg.net/matrix/MA0029.1

MOTIF FOXF2_MA0030.1
letter-probability matrix: alength= 4 w= 14 nsites= 27 E= 0
 0.037037  0.370370  0.259259  0.333333
 0.370370  0.259259  0.185185  0.185185
 0.629630  0.148148  0.074074  0.148148
 0.464286  0.178571  0.178571  0.178571
 0.136364  0.500000  0.363636  0.000000
 0.259259  0.000000  0.740741  0.000000
 0.000000  0.000000  0.000000  1.000000
 1.000000  0.000000  0.000000  0.000000
 1.000000  0.000000  0.000000  0.000000
 1.000000  0.000000  0.000000  0.000000
 0.000000  0.925926  0.000000  0.074074
 1.000000  0.000000  0.000000  0.000000
 0.592593  0.148148  0.074074  0.185185
 0.259259  0.148148  0.222222  0.370370
URL http://jaspar.genereg.net/matrix/MA0030.1

MOTIF FOXD1_MA0031.1
letter-probability matrix: alength= 4 w= 8 nsites= 20 E= 0
 0.050000  0.050000  0.850000  0.050000
 0.000000  0.000000  0.000000  1.000000
 0.950000  0.050000  0.000000  0.000000
 1.000000  0.000000  0.000000  0.000000
 0.900000  0.050000  0.050000  0.000000
 0.050000  0.900000  0.000000  0.050000
 1.000000  0.000000  0.000000  0.000000
 0.350000  0.100000  0.150000  0.400000
URL http://jaspar.genereg.net/matrix/MA0031.1

MOTIF Gfi1_MA0038.1
letter-probability matrix: alength= 4 w= 10 nsites= 53 E= 0
 0.169811  0.377358  0.169811  0.283019
 0.528302  0.301887  0.132075  0.037736
 1.000000  0.000000  0.000000  0.000000
 1.000000  0.000000  0.000000  0.000000
 0.018868  0.000000  0.018868  0.962264
 0.018868  0.981132  0.000000  0.000000
 0.584906  0.132075  0.037736  0.245283
 0.150943  0.528302  0.207547  0.113208
 0.358491  0.207547  0.037736  0.396226
 0.132075  0.245283  0.528302  0.094340
URL http://jaspar.genereg.net/matrix/MA0038.1

MOTIF Foxq1_MA0040.1
letter-probability matrix: alength= 4 w= 11 nsites= 18 E= 0
 0.222222  0.222222  0.166667  0.388889
 0.722222  0.055556  0.166667  0.055556
 0.277778  0.111111  0.000000  0.611111
 0.166667  0.000000  0.000000  0.833333
 0.000000  0.000000  1.000000  0.000000
 0.000000  0.000000  0.000000  1.000000
 0.000000  0.000000  0.000000  1.000000
 0.000000  0.000000  0.000000  1.000000
 0.944444  0.000000  0.055556  0.000000
 0.000000  0.055556  0.222222  0.722222
 0.333333  0.000000  0.166667  0.500000
URL http://jaspar.genereg.net/matrix/MA0040.1

MOTIF Foxd3_MA0041.1
letter-probability matrix: alength= 4 w= 12 nsites= 47 E= 0
 0.234043  0.063830  0.553191  0.148936
 0.638298  0.042553  0.000000  0.319149
 0.510638  0.021277  0.000000  0.468085
 0.021277  0.085106  0.000000  0.893617
 0.255319  0.000000  0.723404  0.021277
 0.000000  0.000000  0.000000  1.000000
 0.021277  0.000000  0.000000  0.978723
 0.106383  0.000000  0.212766  0.680851
 0.297872  0.000000  0.446809  0.255319
 0.127660  0.148936  0.000000  0.723404
 0.021277  0.042553  0.085106  0.851064
 0.000000  0.255319  0.000000  0.744681
URL http://jaspar.genereg.net/matrix/MA0041.1

MOTIF IRF2_MA0051.1
letter-probability matrix: alength= 4 w= 18 nsites= 12 E= 0
 0.000000  0.333333  0.583333  0.083333
 0.166667  0.000000  0.833333  0.000000
 1.000000  0.000000  0.000000  0.000000
 0.916667  0.000000  0.000000  0.083333
 1.000000  0.000000  0.000000  0.000000
 0.166667  0.000000  0.833333  0.000000
 0.000000  0.500000  0.000000  0.500000
 0.000000  0.000000  1.000000  0.000000
 1.000000  0.000000  0.000000  0.000000
 1.000000  0.000000  0.000000  0.000000
 1.000000  0.000000  0.000000  0.000000
 0.000000  0.500000  0.500000  0.000000
 0.000000  0.583333  0.166667  0.250000
 0.416667  0.166667  0.250000  0.166667
 0.500000  0.000000  0.166667  0.333333
 0.500000  0.083333  0.083333  0.333333
 0.416667  0.166667  0.083333  0.333333
 0.250000  0.500000  0.083333  0.166667
URL http://jaspar.genereg.net/matrix/MA0051.1

MOTIF MZF1_MA0056.1
letter-probability matrix: alength= 4 w= 6 nsites= 20 E= 0
 0.150000  0.250000  0.200000  0.400000
 0.000000  0.000000  0.950000  0.050000
 0.100000  0.000000  0.900000  0.000000
 0.000000  0.000000  0.950000  0.050000
 0.000000  0.000000  1.000000  0.000000
 0.900000  0.000000  0.100000  0.000000
URL http://jaspar.genereg.net/matrix/MA0056.1

MOTIF MZF1_MA0057.1
letter-probability matrix: alength= 4 w= 10 nsites= 16 E= 0
 0.062500  0.250000  0.437500  0.250000
 0.125000  0.000000  0.437500  0.437500
 0.937500  0.062500  0.000000  0.000000
 0.000000  0.000000  0.687500  0.312500
 0.000000  0.000000  0.937500  0.062500
 0.000000  0.125000  0.875000  0.000000
 0.000000  0.000000  0.875000  0.125000
 0.187500  0.062500  0.500000  0.250000
 0.625000  0.000000  0.250000  0.125000
 0.500000  0.125000  0.250000  0.125000
URL http://jaspar.genereg.net/matrix/MA0057.1

MOTIF MAX+MYC_MA0059.1
letter-probability matrix: alength= 4 w= 11 nsites= 21 E= 0
 0.333333  0.047619  0.428571  0.190476
 0.714286  0.047619  0.190476  0.047619
 0.095238  0.428571  0.428571  0.047619
 0.047619  0.952381  0.000000  0.000000
 1.000000  0.000000  0.000000  0.000000
 0.000000  0.952381  0.000000  0.047619
 0.047619  0.000000  0.952381  0.000000
 0.000000  0.047619  0.000000  0.952381
 0.000000  0.000000  1.000000  0.000000
 0.047619  0.047619  0.857143  0.047619
 0.142857  0.238095  0.000000  0.619048
URL http://jaspar.genereg.net/matrix/MA0059.1

MOTIF Nkx2-5_MA0063.1
letter-probability matrix: alength= 4 w= 7 nsites= 17 E= 0
 0.411765  0.000000  0.058824  0.529412
 0.000000  0.235294  0.000000  0.764706
 1.000000  0.000000  0.000000  0.000000
 1.000000  0.000000  0.000000  0.000000
 0.000000  0.000000  0.411765  0.588235
 0.235294  0.117647  0.000000  0.647059
 0.117647  0.058824  0.647059  0.176471
URL http://jaspar.genereg.net/matrix/MA0063.1

MOTIF PPARG_MA0066.1
letter-probability matrix: alength= 4 w= 20 nsites= 28 E= 0
 0.107143  0.285714  0.500000  0.107143
 0.107143  0.000000  0.000000  0.892857
 0.678571  0.000000  0.321429  0.000000
 0.000000  0.035714  0.964286  0.000000
 0.035714  0.000000  0.928571  0.035714
 0.000000  0.035714  0.142857  0.821429
 0.071429  0.821429  0.107143  0.000000
 0.928571  0.035714  0.000000  0.035714
 0.178571  0.535714  0.142857  0.142857
 0.178571  0.250000  0.357143  0.214286
 0.142857  0.071429  0.642857  0.142857
 0.035714  0.000000  0.071429  0.892857
 0.071429  0.178571  0.714286  0.035714
 0.785714  0.178571  0.000000  0.035714
 0.035714  0.964286  0.000000  0.000000
 0.000000  0.892857  0.000000  0.107143
 0.107143  0.428571  0.000000  0.464286
 0.785714  0.178571  0.000000  0.035714
 0.178571  0.428571  0.214286  0.178571
 0.250000  0.000000  0.035714  0.714286
URL http://jaspar.genereg.net/matrix/MA0066.1

MOTIF Pax2_MA0067.1
letter-probability matrix: alength= 4 w= 8 nsites= 31 E= 0
 0.322581  0.225806  0.161290  0.290323
 0.225806  0.032258  0.677419  0.064516
 0.096774  0.064516  0.000000  0.838710
 0.000000  0.903226  0.032258  0.064516
 0.838710  0.032258  0.096774  0.032258
 0.064516  0.548387  0.032258  0.354839
 0.064516  0.000000  0.612903  0.322581
 0.032258  0.354839  0.354839  0.258065
URL http://jaspar.genereg.net/matrix/MA0067.1

MOTIF Pax6_MA0069.1
letter-probability matrix: alength= 4 w= 14 nsites= 43 E= 0
 0.046512  0.093023  0.093023  0.767442
 0.046512  0.046512  0.000000  0.906977
 0.093023  0.604651  0.023256  0.279070
 0.906977  0.046512  0.023256  0.023256
 0.069767  0.790698  0.023256  0.116279
 0.023256  0.000000  0.953488  0.023256
 0.023256  0.860465  0.093023  0.023256
 0.488372  0.046512  0.046512  0.418605
 0.023256  0.093023  0.023256  0.860465
 0.046512  0.325581  0.581395  0.046512
 0.837209  0.000000  0.139535  0.023256
 0.255814  0.255814  0.302326  0.186047
 0.023256  0.116279  0.069767  0.790698
 0.023256  0.000000  0.395349  0.581395
URL http://jaspar.genereg.net/matrix/MA0069.1

MOTIF PBX1_MA0070.1
letter-probability matrix: alength= 4 w= 12 nsites= 18 E= 0
 0.277778  0.333333  0.111111  0.277778
 0.166667  0.500000  0.166667  0.166667
 0.888889  0.055556  0.055556  0.000000
 0.055556  0.055556  0.000000  0.888889
 0.000000  1.000000  0.000000  0.000000
 0.944444  0.055556  0.000000  0.000000
 0.944444  0.000000  0.000000  0.055556
 0.000000  0.000000  0.055556  0.944444
 0.000000  1.000000  0.000000  0.000000
 0.888889  0.055556  0.000000  0.055556
 0.666667  0.000000  0.055556  0.277778
 0.444444  0.111111  0.111111  0.333333
URL http://jaspar.genereg.net/matrix/MA0070.1

MOTIF RORA_MA0071.1
letter-probability matrix: alength= 4 w= 10 nsites= 25 E= 0
 0.600000  0.040000  0.080000  0.280000
 0.360000  0.040000  0.000000  0.600000
 0.240000  0.480000  0.160000  0.120000
 0.440000  0.080000  0.200000  0.280000
 0.840000  0.000000  0.160000  0.000000
 0.000000  0.000000  1.000000  0.000000
 0.000000  0.000000  1.000000  0.000000
 0.000000  0.000000  0.000000  1.000000
 0.000000  1.000000  0.000000  0.000000
 1.000000  0.000000  0.000000  0.000000
URL http://jaspar.genereg.net/matrix/MA0071.1

MOTIF RORA_MA0072.1
letter-probability matrix: alength= 4 w= 14 nsites= 36 E= 0
 0.250000  0.222222  0.222222  0.305556
 0.472222  0.055556  0.194444  0.277778
 0.416667  0.000000  0.083333  0.500000
 0.972222  0.027778  0.000000  0.000000
 0.638889  0.000000  0.000000  0.361111
 0.055556  0.333333  0.361111  0.250000
 0.000000  0.000000  0.000000  1.000000
 0.777778  0.000000  0.222222  0.000000
 0.000000  0.000000  1.000000  0.000000
 0.000000  0.000000  1.000000  0.000000
 0.000000  0.000000  0.000000  1.000000
 0.000000  1.000000  0.000000  0.000000
 1.000000  0.000000  0.000000  0.000000
 0.416667  0.166667  0.277778  0.138889
URL http://jaspar.genereg.net/matrix/MA0072.1

MOTIF RREB1_MA0073.1
letter-probability matrix: alength= 4 w= 20 nsites= 11 E= 0
 0.272727  0.727273  0.000000  0.000000
 0.090909  0.909091  0.000000  0.000000
 0.272727  0.727273  0.000000  0.000000
 0.000000  1.000000  0.000000  0.000000
 0.636364  0.363636  0.000000  0.000000
 0.818182  0.181818  0.000000  0.000000
 0.727273  0.272727  0.000000  0.000000
 0.363636  0.545455  0.000000  0.090909
 0.000000  1.000000  0.000000  0.000000
 1.000000  0.000000  0.000000  0.000000
 0.363636  0.636364  0.000000  0.000000
 0.090909  0.909091  0.000000  0.000000
 0.272727  0.727273  0.000000  0.000000
 0.363636  0.545455  0.090909  0.000000
 0.181818  0.818182  0.000000  0.000000
 0.363636  0.454545  0.000000  0.181818
 0.363636  0.454545  0.090909  0.090909
 0.363636  0.545455  0.000000  0.090909
 0.090909  0.636364  0.272727  0.000000
 0.363636  0.363636  0.181818  0.090909
URL http://jaspar.genereg.net/matrix/MA0073.1

MOTIF RXRA+VDR_MA0074.1
letter-probability matrix: alength= 4 w= 15 nsites= 10 E= 0
 0.300000  0.000000  0.700000  0.000000
 0.000000  0.000000  1.000000  0.000000
 0.000000  0.000000  0.900000  0.100000
 0.000000  0.000000  0.000000  1.000000
 0.000000  0.900000  0.000000  0.100000
 0.900000  0.000000  0.100000  0.000000
 0.400000  0.200000  0.000000  0.400000
 0.200000  0.400000  0.200000  0.200000
 0.200000  0.000000  0.800000  0.000000
 0.500000  0.000000  0.500000  0.000000
 0.000000  0.000000  1.000000  0.000000
 0.000000  0.000000  0.000000  1.000000
 0.100000  0.000000  0.000000  0.900000
 0.000000  0.900000  0.000000  0.100000
 0.700000  0.100000  0.200000  0.000000
URL http://jaspar.genereg.net/matrix/MA0074.1

MOTIF SOX9_MA0077.1
letter-probability matrix: alength= 4 w= 9 nsites= 76 E= 0
 0.039474  0.723684  0.118421  0.118421
 0.105263  0.500000  0.078947  0.315789
 0.934211  0.013158  0.000000  0.052632
 0.026316  0.013158  0.026316  0.934211
 0.092105  0.000000  0.052632  0.855263
 0.026316  0.026316  0.947368  0.000000
 0.171053  0.000000  0.052632  0.776316
 0.118421  0.092105  0.078947  0.710526
 0.184211  0.407895  0.092105  0.315789
URL http://jaspar.genereg.net/matrix/MA0077.1

MOTIF Sox17_MA0078.1
letter-probability matrix: alength= 4 w= 9 nsites= 31 E= 0
 0.225806  0.290323  0.193548  0.290323
 0.258065  0.258065  0.129032  0.354839
 0.096774  0.580645  0.032258  0.290323
 0.967742  0.000000  0.000000  0.032258
 0.000000  0.032258  0.000000  0.967742
 0.000000  0.000000  0.000000  1.000000
 0.000000  0.000000  1.000000  0.000000
 0.000000  0.000000  0.064516  0.935484
 0.000000  0.548387  0.322581  0.129032
URL http://jaspar.genereg.net/matrix/MA0078.1

MOTIF SPIB_MA0081.1
letter-probability matrix: alength= 4 w= 7 nsites= 49 E= 0
 0.632653  0.000000  0.000000  0.367347
 0.081633  0.285714  0.591837  0.040816
 0.489796  0.326531  0.142857  0.040816
 0.040816  0.000000  0.959184  0.000000
 0.020408  0.000000  0.959184  0.020408
 0.979592  0.000000  0.000000  0.020408
 0.959184  0.000000  0.000000  0.040816
URL http://jaspar.genereg.net/matrix/MA0081.1

MOTIF SRY_MA0084.1
letter-probability matrix: alength= 4 w= 9 nsites= 28 E= 0
 0.178571  0.178571  0.357143  0.285714
 0.285714  0.107143  0.142857  0.464286
 0.535714  0.000000  0.107143  0.357143
 0.642857  0.107143  0.107143  0.142857
 0.892857  0.000000  0.000000  0.107143
 0.000000  0.928571  0.000000  0.071429
 1.000000  0.000000  0.000000  0.000000
 0.964286  0.000000  0.035714  0.000000
 0.250000  0.000000  0.071429  0.678571
URL http://jaspar.genereg.net/matrix/MA0084.1

MOTIF Sox5_MA0087.1
letter-probability matrix: alength= 4 w= 7 nsites= 23 E= 0
 1.000000  0.000000  0.000000  0.000000
 0.000000  0.000000  0.043478  0.956522
 0.000000  0.000000  0.000000  1.000000
 0.043478  0.000000  0.956522  0.000000
 0.000000  0.043478  0.000000  0.956522
 0.043478  0.043478  0.000000  0.913043
 0.347826  0.130435  0.173913  0.347826
URL http://jaspar.genereg.net/matrix/MA0087.1

MOTIF MAFG+NFE2L1_MA0089.1
letter-probability matrix: alength= 4 w= 6 nsites= 34 E= 0
 0.205882  0.323529  0.294118  0.176471
 0.852941  0.058824  0.088235  0.000000
 0.000000  0.000000  0.000000  1.000000
 0.029412  0.000000  0.941176  0.029412
 1.000000  0.000000  0.000000  0.000000
 0.000000  0.764706  0.058824  0.176471
URL http://jaspar.genereg.net/matrix/MA0089.1

MOTIF TAL1+TCF3_MA0091.1
letter-probability matrix: alength= 4 w= 12 nsites= 44 E= 0
 0.295455  0.318182  0.181818  0.204545
 0.204545  0.227273  0.454545  0.113636
 0.886364  0.000000  0.068182  0.045455
 0.454545  0.545455  0.000000  0.000000
 0.000000  0.977273  0.022727  0.000000
 1.000000  0.000000  0.000000  0.000000
 0.000000  0.022727  0.250000  0.727273
 0.272727  0.727273  0.000000  0.000000
 0.000000  0.000000  0.000000  1.000000
 0.000000  0.000000  0.977273  0.022727
 0.000000  0.068182  0.454545  0.477273
 0.090909  0.090909  0.045455  0.772727
URL http://jaspar.genereg.net/matrix/MA0091.1

MOTIF Hand1+Tcf3_MA0092.1
letter-probability matrix: alength= 4 w= 10 nsites= 29 E= 0
 0.137931  0.275862  0.344828  0.241379
 0.344828  0.000000  0.517241  0.137931
 0.068966  0.068966  0.034483  0.827586
 0.000000  0.965517  0.000000  0.034483
 0.000000  0.000000  0.000000  1.000000
 0.000000  0.000000  1.000000  0.000000
 0.000000  0.103448  0.862069  0.034483
 0.310345  0.482759  0.034483  0.172414
 0.551724  0.000000  0.103448  0.344828
 0.172414  0.137931  0.137931  0.551724
URL http://jaspar.genereg.net/matrix/MA0092.1

MOTIF REL_MA0101.1
letter-probability matrix: alength= 4 w= 10 nsites= 17 E= 0
 0.000000  0.294118  0.470588  0.235294
 0.000000  0.058824  0.882353  0.058824
 0.058824  0.000000  0.882353  0.058824
 0.294118  0.058824  0.529412  0.117647
 0.352941  0.294118  0.176471  0.176471
 0.294118  0.058824  0.058824  0.588235
 0.058824  0.000000  0.000000  0.941176
 0.117647  0.000000  0.000000  0.882353
 0.000000  0.882353  0.000000  0.117647
 0.058824  0.941176  0.000000  0.000000
URL http://jaspar.genereg.net/matrix/MA0101.1

MOTIF RELA_MA0107.1
letter-probability matrix: alength= 4 w= 10 nsites= 18 E= 0
 0.000000  0.222222  0.611111  0.166667
 0.000000  0.000000  0.944444  0.055556
 0.000000  0.000000  1.000000  0.000000
 0.611111  0.000000  0.388889  0.000000
 0.555556  0.166667  0.222222  0.055556
 0.111111  0.000000  0.000000  0.888889
 0.000000  0.000000  0.000000  1.000000
 0.000000  0.111111  0.000000  0.888889
 0.000000  1.000000  0.000000  0.000000
 0.000000  1.000000  0.000000  0.000000
URL http://jaspar.genereg.net/matrix/MA0107.1

MOTIF TBP_MA0108.2
letter-probability matrix: alength= 4 w= 15 nsites= 389 E= 0
 0.156812  0.372751  0.390746  0.079692
 0.041131  0.118252  0.046272  0.794344
 0.904884  0.000000  0.005141  0.089974
 0.007712  0.025707  0.005141  0.961440
 0.910026  0.000000  0.012853  0.077121
 0.688946  0.000000  0.000000  0.311054
 0.925450  0.007712  0.051414  0.015424
 0.570694  0.005141  0.113111  0.311054
 0.398458  0.113111  0.403599  0.084833
 0.143959  0.347044  0.385604  0.123393
 0.213368  0.377892  0.329049  0.079692
 0.210797  0.326478  0.329049  0.133676
 0.210797  0.303342  0.329049  0.156812
 0.174807  0.275064  0.357326  0.192802
 0.197943  0.259640  0.359897  0.182519
URL http://jaspar.genereg.net/matrix/MA0108.2

MOTIF HLTF_MA0109.1
letter-probability matrix: alength= 4 w= 10 nsites= 51 E= 0
 0.313725  0.196078  0.235294  0.254902
 0.377358  0.226415  0.094340  0.301887
 0.440678  0.559322  0.000000  0.000000
 0.000000  1.000000  0.000000  0.000000
 0.423729  0.000000  0.000000  0.576271
 0.000000  0.000000  0.000000  1.000000
 0.406780  0.084746  0.203390  0.305085
 0.000000  0.000000  0.372881  0.627119
 0.294118  0.274510  0.274510  0.156863
 0.244898  0.244898  0.204082  0.306122
URL http://jaspar.genereg.net/matrix/MA0109.1

MOTIF Spz1_MA0111.1
letter-probability matrix: alength= 4 w= 11 nsites= 12 E= 0
 0.750000  0.000000  0.250000  0.000000
 0.000000  0.166667  0.750000  0.083333
 0.166667  0.000000  0.833333  0.000000
 0.000000  0.000000  0.916667  0.083333
 0.083333  0.000000  0.083333  0.833333
 0.666667  0.000000  0.000000  0.333333
 0.500000  0.000000  0.166667  0.333333
 0.083333  0.750000  0.166667  0.000000
 0.833333  0.000000  0.166667  0.000000
 0.000000  0.083333  0.750000  0.166667
 0.166667  0.666667  0.166667  0.000000
URL http://jaspar.genereg.net/matrix/MA0111.1

MOTIF NR1H2+RXRA_MA0115.1
letter-probability matrix: alength= 4 w= 17 nsites= 25 E= 0
 0.680000  0.200000  0.000000  0.120000
 0.680000  0.040000  0.200000  0.080000
 0.800000  0.000000  0.200000  0.000000
 0.000000  0.000000  1.000000  0.000000
 0.000000  0.000000  0.960000  0.040000
 0.000000  0.000000  0.000000  1.000000
 0.000000  1.000000  0.000000  0.000000
 1.000000  0.000000  0.000000  0.000000
 0.960000  0.000000  0.000000  0.040000
 1.000000  0.000000  0.000000  0.000000
 0.000000  0.000000  1.000000  0.000000
 0.000000  0.000000  1.000000  0.000000
 0.000000  0.000000  0.000000  1.000000
 0.000000  1.000000  0.000000  0.000000
 1.000000  0.000000  0.000000  0.000000
 0.800000  0.040000  0.080000  0.080000
 0.000000  0.600000  0.240000  0.160000
URL http://jaspar.genereg.net/matrix/MA0115.1

MOTIF Znf423_MA0116.1
letter-probability matrix: alength= 4 w= 15 nsites= 33 E= 0
 0.212121  0.121212  0.666667  0.000000
 0.000000  0.484848  0.515152  0.000000
 0.484848  0.515152  0.000000  0.000000
 0.515152  0.484848  0.000000  0.000000
 0.000000  1.000000  0.000000  0.000000
 0.000000  1.000000  0.000000  0.000000
 0.030303  0.515152  0.000000  0.454545
 0.727273  0.000000  0.000000  0.272727
 0.393939  0.000000  0.484848  0.121212
 0.000000  0.000000  1.000000  0.000000
 0.000000  0.000000  1.000000  0.000000
 0.000000  0.000000  0.515152  0.484848
 0.000000  0.000000  0.484848  0.515152
 0.000000  0.242424  0.484848  0.272727
 0.333333  0.666667  0.000000  0.000000
URL http://jaspar.genereg.net/matrix/MA0116.1

MOTIF NFIC+TLX1_MA0119.1
letter-probability matrix: alength= 4 w= 14 nsites= 16 E= 0
 0.000000  0.000000  0.000000  1.000000
 0.000000  0.000000  1.000000  0.000000
 0.000000  0.000000  1.000000  0.000000
 0.000000  1.000000  0.000000  0.000000
 0.875000  0.062500  0.000000  0.062500
 0.125000  0.500000  0.312500  0.062500
 0.125000  0.500000  0.250000  0.125000
 0.437500  0.062500  0.312500  0.187500
 0.250000  0.187500  0.125000  0.437500
 0.000000  0.000000  1.000000  0.000000
 0.000000  1.000000  0.000000  0.000000
 0.000000  1.000000  0.000000  0.000000
 1.000000  0.000000  0.000000  0.000000
 0.875000  0.000000  0.062500  0.062500
URL http://jaspar.genereg.net/matrix/MA0119.1

MOTIF Nobox_MA0125.1
letter-probability matrix: alength= 4 w= 8 nsites= 38 E= 0
 0.000000  0.026316  0.000000  0.973684
 0.947368  0.000000  0.000000  0.052632
 1.000000  0.000000  0.000000  0.000000
 0.026316  0.026316  0.052632  0.894737
 0.052632  0.000000  0.105263  0.842105
 0.394737  0.000000  0.578947  0.026316
 0.105263  0.315789  0.473684  0.105263
 0.052632  0.342105  0.157895  0.447368
URL http://jaspar.genereg.net/matrix/MA0125.1

MOTIF ZNF354C_MA0130.1
letter-probability matrix: alength= 4 w= 6 nsites= 16 E= 0
 0.437500  0.375000  0.187500  0.000000
 0.187500  0.125000  0.000000  0.687500
 0.000000  1.000000  0.000000  0.000000
 0.000000  1.000000  0.000000  0.000000
 1.000000  0.000000  0.000000  0.000000
 0.000000  0.937500  0.062500  0.000000
URL http://jaspar.genereg.net/matrix/MA0130.1

MOTIF Lhx3_MA0135.1
letter-probability matrix: alength= 4 w= 13 nsites= 20 E= 0
 0.450000  0.000000  0.150000  0.400000
 0.800000  0.100000  0.100000  0.000000
 0.950000  0.000000  0.000000  0.050000
 0.000000  0.000000  0.000000  1.000000
 0.000000  0.000000  0.000000  1.000000
 0.950000  0.000000  0.000000  0.050000
 1.000000  0.000000  0.000000  0.000000
 0.100000  0.100000  0.000000  0.800000
 0.000000  0.050000  0.000000  0.950000
 0.800000  0.050000  0.000000  0.150000
 0.450000  0.000000  0.150000  0.400000
 0.100000  0.400000  0.000000  0.500000
 0.100000  0.450000  0.150000  0.300000
URL http://jaspar.genereg.net/matrix/MA0135.1

MOTIF CTCF_MA0139.1
letter-probability matrix: alength= 4 w= 19 nsites= 913 E= 0
 0.095290  0.318729  0.083242  0.502738
 0.182913  0.158817  0.453450  0.204819
 0.307777  0.053669  0.491785  0.146769
 0.061336  0.876232  0.023001  0.039430
 0.008762  0.989047  0.000000  0.002191
 0.814896  0.014239  0.071194  0.099671
 0.043812  0.578313  0.365827  0.012048
 0.117325  0.474781  0.052632  0.355263
 0.933114  0.012061  0.035088  0.019737
 0.005488  0.000000  0.991218  0.003293
 0.365532  0.003293  0.621295  0.009879
 0.059276  0.013172  0.553238  0.374314
 0.013187  0.000000  0.978022  0.008791
 0.061538  0.008791  0.851648  0.078022
 0.114411  0.806381  0.005501  0.073707
 0.409241  0.014301  0.557756  0.018702
 0.090308  0.530837  0.338106  0.040749
 0.128855  0.354626  0.080396  0.436123
 0.442731  0.199339  0.292952  0.064978
URL http://jaspar.genereg.net/matrix/MA0139.1

MOTIF Pou5f1+Sox2_MA0142.1
letter-probability matrix: alength= 4 w= 15 nsites= 1364 E= 0
 0.046188  0.620235  0.048387  0.285191
 0.423865  0.042460  0.020498  0.513177
 0.008047  0.036576  0.026335  0.929042
 0.034332  0.008766  0.057706  0.899196
 0.086194  0.265157  0.602630  0.046019
 0.303141  0.013148  0.021183  0.662527
 0.150475  0.266618  0.135866  0.447042
 0.902118  0.021914  0.017531  0.058437
 0.012418  0.003652  0.010957  0.972973
 0.007305  0.011687  0.905040  0.075968
 0.010234  0.752193  0.094298  0.143275
 0.769231  0.011722  0.021978  0.197070
 0.651248  0.049927  0.231278  0.067548
 0.881705  0.024247  0.055107  0.038942
 0.145481  0.087436  0.152094  0.614989
URL http://jaspar.genereg.net/matrix/MA0142.1

MOTIF EWSR1-FLI1_MA0149.1
letter-probability matrix: alength= 4 w= 18 nsites= 105 E= 0
 0.000000  0.000000  1.000000  0.000000
 0.019048  0.000000  0.980952  0.000000
 0.990476  0.000000  0.009524  0.000000
 0.990476  0.000000  0.009524  0.000000
 0.009524  0.000000  0.990476  0.000000
 0.019048  0.000000  0.971429  0.009524
 0.980952  0.000000  0.019048  0.000000
 0.971429  0.000000  0.028571  0.000000
 0.000000  0.000000  0.990476  0.009524
 0.000000  0.019048  0.980952  0.000000
 0.942857  0.038095  0.019048  0.000000
 1.000000  0.000000  0.000000  0.000000
 0.000000  0.000000  1.000000  0.000000
 0.000000  0.019048  0.980952  0.000000
 0.952381  0.028571  0.000000  0.019048
 0.971429  0.000000  0.019048  0.009524
 0.047619  0.000000  0.923810  0.028571
 0.028571  0.028571  0.923810  0.019048
URL http://jaspar.genereg.net/matrix/MA0149.1

MOTIF Gabpa_MA0062.2
letter-probability matrix: alength= 4 w= 11 nsites= 989 E= 0
 0.032356  0.776542  0.190091  0.001011
 0.070779  0.924166  0.004044  0.001011
 0.000000  0.000000  0.998991  0.001009
 0.000000  0.000000  1.000000  0.000000
 0.997986  0.001007  0.001007  0.000000
 0.995972  0.002014  0.000000  0.002014
 0.094758  0.032258  0.872984  0.000000
 0.056509  0.263370  0.037336  0.642785
 0.155556  0.138384  0.609091  0.096970
 0.266667  0.264646  0.419192  0.049495
 0.235354  0.360606  0.226263  0.177778
URL http://jaspar.genereg.net/matrix/MA0062.2

MOTIF REST_MA0138.2
letter-probability matrix: alength= 4 w= 21 nsites= 1591 E= 0
 0.132621  0.109365  0.230044  0.527970
 0.036318  0.168441  0.091421  0.703820
 0.047589  0.855354  0.031309  0.065748
 0.906367  0.018727  0.058677  0.016230
 0.021197  0.027431  0.945137  0.006234
 0.076012  0.609346  0.201246  0.113396
 0.980697  0.004359  0.007472  0.007472
 0.001868  0.987547  0.007472  0.003113
 0.021793  0.922167  0.012453  0.043587
 0.568847  0.125234  0.100935  0.204984
 0.136534  0.233791  0.077307  0.552369
 0.024314  0.004364  0.966958  0.004364
 0.012469  0.003117  0.983167  0.001247
 0.877105  0.069869  0.021210  0.031815
 0.008125  0.800000  0.145625  0.046250
 0.983750  0.005625  0.004375  0.006250
 0.026349  0.008156  0.959849  0.005646
 0.128688  0.632141  0.114878  0.124294
 0.229899  0.019472  0.432161  0.318467
 0.133962  0.586792  0.200629  0.078616
 0.112579  0.700629  0.023270  0.163522
URL http://jaspar.genereg.net/matrix/MA0138.2

MOTIF RUNX1_MA0002.2
letter-probability matrix: alength= 4 w= 11 nsites= 2000 E= 0
 0.143500  0.248000  0.348000  0.260500
 0.117000  0.242500  0.233500  0.407000
 0.061500  0.536000  0.074500  0.328000
 0.028500  0.000000  0.003500  0.968000
 0.000000  0.037500  0.936000  0.026500
 0.043500  0.063500  0.035000  0.858000
 0.000000  0.000000  0.993500  0.006500
 0.008500  0.021000  0.924000  0.046500
 0.005000  0.200000  0.125500  0.669500
 0.065500  0.231500  0.040500  0.662500
 0.250000  0.079000  0.144500  0.526500
URL http://jaspar.genereg.net/matrix/MA0002.2

MOTIF Foxa2_MA0047.2
letter-probability matrix: alength= 4 w= 12 nsites= 808 E= 0
 0.001238  0.001238  0.001238  0.996287
 0.273177  0.003708  0.719407  0.003708
 0.001236  0.001236  0.001236  0.996292
 0.001236  0.003708  0.044499  0.950556
 0.001233  0.001233  0.215783  0.781751
 0.908642  0.004938  0.082716  0.003704
 0.002469  0.895062  0.002469  0.100000
 0.417800  0.095179  0.003708  0.483313
 0.061805  0.327565  0.071693  0.538937
 0.516729  0.007435  0.029740  0.446097
 0.162531  0.065757  0.598015  0.173697
 0.160648  0.242839  0.361146  0.235367
URL http://jaspar.genereg.net/matrix/MA0047.2

MOTIF Pparg+Rxra_MA0065.2
letter-probability matrix: alength= 4 w= 15 nsites= 857 E= 0
 0.109685  0.369895  0.373396  0.147025
 0.117716  0.193473  0.148019  0.540793
 0.453488  0.026744  0.427907  0.091860
 0.116144  0.003484  0.779326  0.101045
 0.161253  0.017401  0.781903  0.039443
 0.168213  0.149652  0.458237  0.223898
 0.082271  0.633835  0.207416  0.076477
 0.949015  0.024334  0.017381  0.009270
 0.604867  0.055620  0.312862  0.026651
 0.825231  0.005787  0.158565  0.010417
 0.095017  0.002317  0.888760  0.013905
 0.047509  0.010429  0.803013  0.139050
 0.025492  0.114716  0.304751  0.555041
 0.062645  0.643852  0.167053  0.126450
 0.784223  0.067285  0.054524  0.093968
URL http://jaspar.genereg.net/matrix/MA0065.2

MOTIF Arid3a_MA0151.1
letter-probability matrix: alength= 4 w= 6 nsites= 27 E= 0
 1.000000  0.000000  0.000000  0.000000
 0.000000  0.000000  0.000000  1.000000
 0.037037  0.333333  0.000000  0.629630
 1.000000  0.000000  0.000000  0.000000
 1.000000  0.000000  0.000000  0.000000
 0.740741  0.000000  0.037037  0.222222
URL http://jaspar.genereg.net/matrix/MA0151.1

MOTIF NFATC2_MA0152.1
letter-probability matrix: alength= 4 w= 7 nsites= 26 E= 0
 0.115385  0.038462  0.076923  0.769231
 0.038462  0.076923  0.076923  0.807692
 0.038462  0.038462  0.000000  0.923077
 0.000000  0.000000  0.000000  1.000000
 0.038462  0.961538  0.000000  0.000000
 0.000000  1.000000  0.000000  0.000000
 0.692308  0.115385  0.038462  0.153846
URL http://jaspar.genereg.net/matrix/MA0152.1

MOTIF INSM1_MA0155.1
letter-probability matrix: alength= 4 w= 12 nsites= 24 E= 0
 0.041667  0.000000  0.166667  0.791667
 0.000000  0.000000  0.833333  0.166667
 0.000000  0.333333  0.125000  0.541667
 0.250000  0.625000  0.000000  0.125000
 0.666667  0.000000  0.000000  0.333333
 0.000000  0.000000  1.000000  0.000000
 0.000000  0.041667  0.958333  0.000000
 0.000000  0.000000  1.000000  0.000000
 0.000000  0.000000  1.000000  0.000000
 0.000000  0.083333  0.666667  0.250000
 0.125000  0.666667  0.000000  0.208333
 0.416667  0.000000  0.500000  0.083333
URL http://jaspar.genereg.net/matrix/MA0155.1

MOTIF HOXA5_MA0158.1
letter-probability matrix: alength= 4 w= 8 nsites= 15 E= 0
 0.133333  0.866667  0.000000  0.000000
 0.437500  0.000000  0.312500  0.250000
 0.000000  0.437500  0.312500  0.250000
 0.375000  0.000000  0.062500  0.562500
 0.875000  0.000000  0.000000  0.125000
 0.875000  0.000000  0.125000  0.000000
 0.000000  0.000000  0.000000  1.000000
 0.000000  0.062500  0.375000  0.562500
URL http://jaspar.genereg.net/matrix/MA0158.1

MOTIF RARA+RXRA_MA0159.1
letter-probability matrix: alength= 4 w= 17 nsites= 23 E= 0
 0.521739  0.000000  0.478261  0.000000
 0.000000  0.000000  1.000000  0.000000
 0.043478  0.000000  0.565217  0.391304
 0.000000  0.000000  0.043478  0.956522
 0.000000  0.782609  0.130435  0.086957
 0.956522  0.000000  0.043478  0.000000
 0.173913  0.304348  0.217391  0.304348
 0.217391  0.347826  0.391304  0.043478
 0.217391  0.173913  0.478261  0.130435
 0.565217  0.043478  0.304348  0.086957
 0.217391  0.260870  0.521739  0.000000
 0.739130  0.130435  0.130435  0.000000
 0.043478  0.043478  0.869565  0.043478
 0.000000  0.043478  0.695652  0.260870
 0.086957  0.043478  0.130435  0.739130
 0.043478  0.739130  0.130435  0.086957
 0.913043  0.000000  0.043478  0.043478
URL http://jaspar.genereg.net/matrix/MA0159.1

MOTIF NR4A2_MA0160.1
letter-probability matrix: alength= 4 w= 8 nsites= 13 E= 0
 0.615385  0.076923  0.230769  0.076923
 0.928571  0.000000  0.071429  0.000000
 0.000000  0.000000  0.928571  0.071429
 0.214286  0.000000  0.785714  0.000000
 0.142857  0.142857  0.000000  0.714286
 0.000000  0.928571  0.000000  0.071429
 1.000000  0.000000  0.000000  0.000000
 0.230769  0.615385  0.153846  0.000000
URL http://jaspar.genereg.net/matrix/MA0160.1

MOTIF PLAG1_MA0163.1
letter-probability matrix: alength= 4 w= 14 nsites= 18 E= 0
 0.000000  0.000000  1.000000  0.000000
 0.166667  0.000000  0.777778  0.055556
 0.000000  0.000000  1.000000  0.000000
 0.000000  0.000000  0.944444  0.055556
 0.000000  0.777778  0.222222  0.000000
 0.000000  0.833333  0.055556  0.111111
 0.222222  0.555556  0.055556  0.166667
 0.666667  0.000000  0.000000  0.333333
 0.611111  0.277778  0.111111  0.000000
 0.111111  0.000000  0.777778  0.111111
 0.000000  0.000000  1.000000  0.000000
 0.000000  0.000000  1.000000  0.000000
 0.000000  0.000000  0.888889  0.111111
 0.111111  0.000000  0.888889  0.000000
URL http://jaspar.genereg.net/matrix/MA0163.1

MOTIF Nr2e3_MA0164.1
letter-probability matrix: alength= 4 w= 7 nsites= 23 E= 0
 0.173913  0.521739  0.086957  0.217391
 1.000000  0.000000  0.000000  0.000000
 1.000000  0.000000  0.000000  0.000000
 0.000000  0.043478  0.956522  0.000000
 0.000000  1.000000  0.000000  0.000000
 0.000000  0.000000  0.000000  1.000000
 0.000000  0.000000  0.000000  1.000000
URL http://jaspar.genereg.net/matrix/MA0164.1

MOTIF ARNT+HIF1A_MA0259.1
letter-probability matrix: alength= 4 w= 8 nsites= 104 E= 0
 0.259615  0.269231  0.471154  0.000000
 0.096154  0.278846  0.326923  0.298077
 0.750000  0.019231  0.221154  0.009615
 0.000000  0.990385  0.000000  0.009615
 0.000000  0.000000  1.000000  0.000000
 0.000000  0.000000  0.000000  1.000000
 0.000000  0.000000  1.000000  0.000000
 0.173077  0.490385  0.192308  0.144231
URL http://jaspar.genereg.net/matrix/MA0259.1

MOTIF Zfx_MA0146.2
letter-probability matrix: alength= 4 w= 14 nsites= 477 E= 0
 0.104822  0.373166  0.375262  0.146751
 0.123690  0.356394  0.362683  0.157233
 0.190377  0.315900  0.416318  0.077406
 0.150313  0.102296  0.620042  0.127349
 0.020790  0.617464  0.299376  0.062370
 0.012474  0.750520  0.004158  0.232848
 0.062370  0.257796  0.380457  0.299376
 0.397089  0.318087  0.253638  0.031185
 0.016632  0.004158  0.977131  0.002079
 0.000000  0.006237  0.991684  0.002079
 0.000000  1.000000  0.000000  0.000000
 0.000000  0.997921  0.000000  0.002079
 0.000000  0.002079  0.000000  0.997921
 0.175000  0.254167  0.454167  0.116667
URL http://jaspar.genereg.net/matrix/MA0146.2

MOTIF Stat5a+Stat5b_MA0519.1
letter-probability matrix: alength= 4 w= 11 nsites= 16507 E= 0
 0.373902  0.140910  0.268068  0.217120
 0.125583  0.217847  0.175744  0.480826
 0.000000  0.000000  0.000000  1.000000
 0.000000  0.096929  0.000000  0.903071
 0.000000  0.989944  0.000000  0.010056
 0.015933  0.775126  0.000000  0.208942
 0.426728  0.371782  0.000000  0.201490
 0.699279  0.000000  0.250803  0.049918
 0.000000  0.000000  1.000000  0.000000
 0.901920  0.005634  0.000000  0.092446
 0.901799  0.000000  0.098201  0.000000
URL http://jaspar.genereg.net/matrix/MA0519.1

MOTIF Stat4_MA0518.1
letter-probability matrix: alength= 4 w= 14 nsites= 2873 E= 0
 0.073442  0.354682  0.168465  0.403411
 0.004177  0.000696  0.000000  0.995127
 0.009050  0.000000  0.184128  0.806822
 0.219979  0.775844  0.004177  0.000000
 0.106857  0.518970  0.025061  0.349112
 0.504699  0.009746  0.425687  0.059868
 0.255134  0.000000  0.742778  0.002088
 0.015663  0.000000  0.984337  0.000000
 1.000000  0.000000  0.000000  0.000000
 1.000000  0.000000  0.000000  0.000000
 0.547511  0.097111  0.289941  0.065437
 0.169161  0.273234  0.238427  0.319179
 0.219979  0.250957  0.357814  0.171250
 0.309433  0.154194  0.388792  0.147581
URL http://jaspar.genereg.net/matrix/MA0518.1

MOTIF STAT1+STAT2_MA0517.1
letter-probability matrix: alength= 4 w= 15 nsites= 620 E= 0
 0.111290  0.101613  0.124194  0.662903
 0.241935  0.370968  0.135484  0.251613
 0.693548  0.011290  0.243548  0.051613
 0.004839  0.238710  0.753226  0.003226
 0.000000  0.003226  0.000000  0.996774
 0.004839  0.003226  0.000000  0.991935
 0.004839  0.020968  0.006452  0.967742
 0.000000  0.937097  0.000000  0.062903
 0.411290  0.120968  0.308065  0.159677
 0.172581  0.179032  0.259677  0.388710
 0.006452  0.020968  0.016129  0.956452
 0.016129  0.003226  0.000000  0.980645
 0.006452  0.274194  0.006452  0.712903
 0.024194  0.788710  0.014516  0.172581
 0.045161  0.588710  0.058065  0.308065
URL http://jaspar.genereg.net/matrix/MA0517.1

MOTIF SP2_MA0516.1
letter-probability matrix: alength= 4 w= 15 nsites= 1686 E= 0
 0.094899  0.150059  0.609727  0.145314
 0.023132  0.481020  0.152432  0.343416
 0.030842  0.822064  0.000593  0.146501
 0.000000  0.995848  0.004152  0.000000
 0.000000  0.974496  0.000000  0.025504
 0.103203  0.000000  0.759193  0.137604
 0.000000  1.000000  0.000000  0.000000
 0.000000  0.982206  0.000000  0.017794
 0.000000  0.657177  0.000000  0.342823
 0.122183  0.709371  0.000000  0.168446
 0.068209  0.575919  0.058719  0.297153
 0.110913  0.328588  0.192764  0.367734
 0.134045  0.425267  0.237841  0.202847
 0.135231  0.470937  0.241993  0.151839
 0.120403  0.441874  0.250297  0.187426
URL http://jaspar.genereg.net/matrix/MA0516.1

MOTIF Sox6_MA0515.1
letter-probability matrix: alength= 4 w= 10 nsites= 249 E= 0
 0.016064  0.558233  0.200803  0.224900
 0.000000  0.887550  0.000000  0.112450
 0.646586  0.000000  0.000000  0.353414
 0.000000  0.000000  0.000000  1.000000
 0.000000  0.000000  0.000000  1.000000
 0.000000  0.000000  1.000000  0.000000
 0.000000  0.000000  0.000000  1.000000
 0.000000  0.461847  0.020080  0.518072
 0.016064  0.449799  0.000000  0.534137
 0.056225  0.305221  0.124498  0.514056
URL http://jaspar.genereg.net/matrix/MA0515.1

MOTIF Sox3_MA0514.1
letter-probability matrix: alength= 4 w= 10 nsites= 2067 E= 0
 0.000000  0.719400  0.159652  0.120948
 0.000000  0.750847  0.000000  0.249153
 0.126754  0.000000  0.000000  0.873246
 0.000000  0.000000  0.000000  1.000000
 0.000000  0.000000  0.000000  1.000000
 0.000000  0.069666  0.930334  0.000000
 0.000000  0.000000  0.000000  1.000000
 0.000000  0.337687  0.122883  0.539429
 0.009192  0.412675  0.010643  0.567489
 0.020319  0.316401  0.184809  0.478471
URL http://jaspar.genereg.net/matrix/MA0514.1

MOTIF SMAD2+SMAD3+SMAD4_MA0513.1
letter-probability matrix: alength= 4 w= 13 nsites= 899 E= 0
 0.184650  0.480534  0.186874  0.147942
 0.218020  0.083426  0.037820  0.660734
 0.015573  0.008899  0.975528  0.000000
 0.036707  0.050056  0.114572  0.798665
 0.000000  1.000000  0.000000  0.000000
 0.000000  0.000000  0.000000  1.000000
 0.117909  0.256952  0.599555  0.025584
 0.234705  0.139043  0.311457  0.314794
 0.000000  0.996663  0.003337  0.000000
 0.850945  0.021135  0.020022  0.107898
 0.033370  0.818687  0.147942  0.000000
 0.130145  0.648498  0.052280  0.169077
 0.122358  0.238042  0.038932  0.600667
URL http://jaspar.genereg.net/matrix/MA0513.1

MOTIF Rfx1_MA0509.1
letter-probability matrix: alength= 4 w= 14 nsites= 2138 E= 0
 0.135641  0.073433  0.716558  0.074369
