MEME version 4

ALPHABET= ACGT

strands: + -

Background letter frequencies
A 0.25 C 0.25 G 0.25 T 0.25

MOTIF ZFP28_HUMAN.H11MO.0.C
letter-probability matrix: alength= 4 w= 20 nsites= 200
0.10072	0.18945	0.05995	0.64988
0.01199	0.00959	0.00240	0.97602
0.00240	0.87050	0.00000	0.12710
0.08873	0.16067	0.02158	0.72902
0.63789	0.07194	0.20863	0.08153
0.00959	0.10552	0.00240	0.88249
0.01199	0.07914	0.01199	0.89688
0.00240	0.02398	0.00240	0.97122
0.00719	0.90168	0.01199	0.07914
0.10312	0.18945	0.00240	0.70504
0.03357	0.02398	0.00480	0.93765
0.00719	0.80575	0.01439	0.17266
0.11990	0.09592	0.03357	0.75060
0.06235	0.05036	0.26379	0.62350
0.17506	0.05036	0.64029	0.13429
0.36211	0.02158	0.15827	0.45803
0.08393	0.04317	0.78657	0.08633
0.04796	0.04077	0.05276	0.85851
0.08393	0.67866	0.15588	0.08153
0.86091	0.03118	0.03357	0.07434
URL none

MOTIF MAF_HUMAN.H11MO.0.A
letter-probability matrix: alength= 4 w= 19 nsites= 200
0.30600	0.23600	0.33400	0.12400
0.47000	0.14200	0.20200	0.18600
0.58800	0.08400	0.07800	0.25000
0.39200	0.08800	0.11800	0.40200
0.15400	0.31200	0.27000	0.26400
0.11000	0.04000	0.02600	0.82400
0.01800	0.01400	0.96000	0.00800
0.12400	0.85600	0.00600	0.01400
0.06400	0.00600	0.01200	0.91800
0.01800	0.00600	0.90200	0.07400
0.88200	0.02400	0.06800	0.02600
0.10200	0.44600	0.32800	0.12400
0.23800	0.11800	0.15400	0.49000
0.24200	0.41200	0.12000	0.22600
0.47400	0.11200	0.15400	0.26000
0.19400	0.07200	0.57600	0.15800
0.16000	0.51200	0.21800	0.11000
0.46200	0.23600	0.14600	0.15600
0.40200	0.15200	0.23400	0.21200
URL none

MOTIF SP4_C2H2_1
letter-probability matrix: alength= 4 w= 17 nsites= 200
0.13889	0.31425	0.18407	0.36278
0.51701	0.03712	0.01546	0.43041
0.56719	0.03185	0.35755	0.04341
0.16373	0.00105	0.83243	0.00279
0.05524	0.94391	0.00000	0.00085
0.00043	0.96936	0.00108	0.02913
0.75138	0.24787	0.00075	0.00000
0.00043	0.99957	0.00000	0.00000
0.00181	0.00253	0.98570	0.00996
0.00043	0.99872	0.00085	0.00000
0.00063	0.99894	0.00042	0.00000
0.00000	0.98418	0.00063	0.01518
0.42338	0.55914	0.00207	0.01542
0.02063	0.78072	0.00383	0.19481
0.21453	0.16880	0.04403	0.57264
0.13762	0.28517	0.08584	0.49137
0.22958	0.28015	0.13200	0.35826
URL none

MOTIF HNF1A_MOUSE.H11MO.0.A
letter-probability matrix: alength= 4 w= 15 nsites= 200
0.34648	0.02984	0.48326	0.14041
0.09451	0.00743	0.86835	0.02971
0.00690	0.08868	0.01167	0.89275
0.09292	0.01539	0.00000	0.89169
0.97506	0.01698	0.00371	0.00424
0.74809	0.10466	0.03456	0.11269
0.09027	0.00902	0.00849	0.89223
0.40101	0.22437	0.19785	0.17676
0.55993	0.02494	0.05790	0.35723
0.06374	0.02281	0.04192	0.87153
0.06427	0.17325	0.01167	0.75081
0.55535	0.06002	0.19228	0.19235
0.49850	0.28309	0.07920	0.13922
0.18897	0.56941	0.02812	0.21350
0.35704	0.36871	0.14804	0.12621
URL none

MOTIF VSX1_MA0725.1
letter-probability matrix: alength= 4 w= 8 nsites= 200
0.05078	0.56773	0.03768	0.34381
0.09607	0.16383	0.02993	0.71017
0.88677	0.04090	0.03613	0.03620
0.97026	0.01101	0.01230	0.00643
0.01225	0.01417	0.00733	0.96625
0.05538	0.04693	0.06069	0.83700
0.72203	0.02745	0.17753	0.07299
0.19350	0.26196	0.26954	0.27500
URL none

MOTIF Uncx.mouse_homeodomain_1
letter-probability matrix: alength= 4 w= 13 nsites= 200
0.20008	0.27295	0.24155	0.28543
0.10795	0.06061	0.04703	0.78441
0.72725	0.02488	0.15130	0.09658
0.98455	0.00436	0.00832	0.00277
0.07009	0.10786	0.07130	0.75075
0.04284	0.27242	0.12584	0.55890
0.05134	0.22401	0.20390	0.52075
0.83250	0.08610	0.05260	0.02881
0.96580	0.01399	0.01477	0.00544
0.00280	0.00160	0.00120	0.99440
0.08906	0.08314	0.01117	0.81663
0.76864	0.02846	0.08908	0.11383
0.26318	0.20523	0.32072	0.21086
URL none

MOTIF HLF_bZIP_1
letter-probability matrix: alength= 4 w= 12 nsites= 200
0.20066	0.34378	0.17727	0.27830
0.38713	0.23989	0.33322	0.03976
0.00326	0.00047	0.00000	0.99627
0.00247	0.01564	0.10206	0.87984
0.86594	0.00000	0.12556	0.00851
0.00504	0.71793	0.01175	0.26528
0.43928	0.02374	0.53423	0.00275
0.01841	0.23619	0.00278	0.74262
0.87984	0.11605	0.00165	0.00247
0.99442	0.00000	0.00233	0.00326
0.04990	0.48684	0.11002	0.35324
0.30122	0.34471	0.16838	0.18569
URL none

MOTIF HXB7_HUMAN.H11MO.0.C
letter-probability matrix: alength= 4 w= 10 nsites= 200
0.29016	0.00904	0.04117	0.65964
0.00000	0.00000	0.00000	1.00000
0.07229	0.00000	0.92771	0.00000
1.00000	0.00000	0.00000	0.00000
0.00000	0.00000	0.00000	1.00000
0.00000	0.00000	0.00000	1.00000
0.46988	0.00000	0.32530	0.20482
0.96787	0.03213	0.00000	0.00000
0.00000	0.06827	0.00000	0.93173
0.09036	0.05422	0.54217	0.31325
URL none

MOTIF SOX9_HMG_6
letter-probability matrix: alength= 4 w= 17 nsites= 200
0.48171	0.15720	0.13268	0.22840
0.99922	0.00078	0.00000	0.00000
0.00117	0.00039	0.00000	0.99845
0.00000	1.00000	0.00000	0.00000
1.00000	0.00000	0.00000	0.00000
0.99922	0.00000	0.00078	0.00000
0.00000	0.00000	0.00000	1.00000
0.00000	0.00000	0.31089	0.68910
0.10662	0.08755	0.40156	0.40428
0.00000	0.70934	0.00000	0.29066
0.99767	0.00078	0.00155	0.00000
0.00000	0.00000	0.98732	0.01268
0.00000	0.00000	0.00155	0.99845
0.00000	0.00000	1.00000	0.00000
1.00000	0.00000	0.00000	0.00000
0.00846	0.00077	0.00269	0.98808
0.28093	0.12568	0.16342	0.42996
URL none

MOTIF Rxra.mouse_nuclearreceptor_2
letter-probability matrix: alength= 4 w= 12 nsites= 200
0.37256	0.00041	0.62702	0.00000
0.00071	0.00000	0.99893	0.00036
0.00000	0.00074	0.96030	0.03896
0.00146	0.00195	0.01171	0.98487
0.00000	0.98371	0.00419	0.01210
0.75653	0.00000	0.24257	0.00090
0.00041	0.07952	0.00124	0.91883
0.00308	0.00000	0.99581	0.00112
0.99483	0.00310	0.00103	0.00103
0.03893	0.95050	0.00890	0.00167
0.00058	0.99068	0.00874	0.00000
0.00109	0.64497	0.00055	0.35339
URL none

MOTIF SOX2_HMG_2
letter-probability matrix: alength= 4 w= 15 nsites= 200
0.48692	0.20319	0.21244	0.09745
0.01598	0.00270	0.00452	0.97681
0.00747	0.00020	0.99233	0.00000
0.99938	0.00021	0.00014	0.00028
0.99471	0.00446	0.00076	0.00007
0.00007	0.00028	0.00000	0.99965
0.07771	0.00014	0.79053	0.13162
0.13301	0.11485	0.32827	0.42387
0.03002	0.30596	0.00311	0.66092
0.99904	0.00055	0.00028	0.00014
0.00040	0.00057	0.17822	0.82081
0.00028	0.00034	0.00000	0.99938
0.00000	0.99952	0.00000	0.00048
0.99328	0.00164	0.00178	0.00329
0.17013	0.16516	0.27966	0.38505
URL none

MOTIF TFE3_MOUSE.H11MO.0.A
letter-probability matrix: alength= 4 w= 10 nsites= 200
0.31906	0.04283	0.48394	0.15418
0.13276	0.01071	0.84797	0.00856
0.02141	0.02784	0.04283	0.90792
0.01713	0.94861	0.02784	0.00642
0.96146	0.01071	0.01927	0.00856
0.01499	0.93362	0.01499	0.03640
0.15203	0.01927	0.81370	0.01499
0.01713	0.02998	0.03640	0.91649
0.01285	0.00214	0.97216	0.01285
0.80300	0.04497	0.12206	0.02998
URL none

MOTIF SOX2_HMG_3
letter-probability matrix: alength= 4 w= 17 nsites= 200
0.29829	0.17614	0.37216	0.15341
0.79638	0.03846	0.12670	0.03846
0.01902	0.00543	0.01902	0.95652
0.00000	1.00000	0.00000	0.00000
1.00000	0.00000	0.00000	0.00000
1.00000	0.00000	0.00000	0.00000
0.00000	0.00000	0.00000	1.00000
0.05382	0.00000	0.83853	0.10765
0.13960	0.15670	0.32764	0.37607
0.09659	0.27841	0.00000	0.62500
1.00000	0.00000	0.00000	0.00000
0.00000	0.00000	0.19451	0.80549
0.00000	0.00000	0.00000	1.00000
0.00000	0.00000	1.00000	0.00000
0.92632	0.00000	0.01316	0.06053
0.18889	0.03704	0.12222	0.65185
0.32479	0.05698	0.42735	0.19088
URL none

MOTIF TP63_p53l_1
letter-probability matrix: alength= 4 w= 18 nsites= 200
0.58223	0.00954	0.36601	0.04222
0.91613	0.00040	0.07496	0.00851
0.00000	1.00000	0.00000	0.00000
0.96561	0.00000	0.03267	0.00172
0.22482	0.01072	0.00000	0.76446
0.00000	0.00000	1.00000	0.00000
0.00448	0.02721	0.00000	0.96831
0.03120	0.32969	0.00836	0.63075
0.20218	0.14891	0.64486	0.00405
0.03417	0.20775	0.50519	0.25290
0.31295	0.00032	0.67192	0.01481
0.95930	0.00000	0.02101	0.01969
0.00000	1.00000	0.00000	0.00000
0.91766	0.00000	0.00043	0.08191
0.02129	0.17514	0.00227	0.80131
0.00000	0.00000	1.00000	0.00000
0.01451	0.05980	0.00030	0.92540
0.19451	0.58241	0.05494	0.16815
URL none

MOTIF GATA2_MA0036.3
letter-probability matrix: alength= 4 w= 11 nsites= 200
0.23239	0.20953	0.22522	0.33286
0.13973	0.28840	0.20868	0.36319
0.06614	0.74629	0.08605	0.10153
0.03124	0.01822	0.01055	0.93998
0.02934	0.00239	0.00148	0.96679
0.99191	0.00098	0.00302	0.00408
0.01020	0.00542	0.00338	0.98100
0.00675	0.96996	0.00886	0.01442
0.16696	0.03462	0.02582	0.77260
0.20488	0.26131	0.25723	0.27658
0.23063	0.27257	0.15591	0.34088
URL none

MOTIF GABPA_HUMAN.H11MO.0.A
letter-probability matrix: alength= 4 w= 14 nsites= 200
0.18200	0.22600	0.48400	0.10800
0.28600	0.25200	0.38600	0.07600
0.36400	0.23000	0.27000	0.13600
0.43000	0.14600	0.38400	0.04000
0.09800	0.61200	0.27000	0.02000
0.11200	0.85600	0.02600	0.00600
0.00800	0.00000	0.99200	0.00000
0.00800	0.00400	0.98600	0.00200
0.99600	0.00000	0.00400	0.00000
0.98600	0.00200	0.00000	0.01200
0.10600	0.02400	0.86800	0.00200
0.09800	0.18800	0.03200	0.68200
0.17800	0.13000	0.57000	0.12200
0.28800	0.27000	0.38400	0.05800
URL none

MOTIF SOX8_HMG_2
letter-probability matrix: alength= 4 w= 13 nsites= 200
0.76324	0.03636	0.18778	0.01261
0.00306	0.00013	0.00191	0.99490
0.00217	0.00102	0.99554	0.00128
0.99770	0.00051	0.00153	0.00026
0.99452	0.00051	0.00357	0.00140
0.00064	0.00051	0.00217	0.99668
0.00115	0.00051	0.13208	0.86626
0.09015	0.10078	0.42233	0.38673
0.00038	0.87875	0.00204	0.11882
0.99732	0.00089	0.00166	0.00013
0.00254	0.00069	0.90141	0.09536
0.00127	0.00166	0.00318	0.99389
0.00026	0.99668	0.00255	0.00051
URL none

MOTIF SUH_MOUSE.H11MO.0.A
letter-probability matrix: alength= 4 w= 11 nsites= 200
0.10200	0.33000	0.35400	0.21400
0.06800	0.45000	0.21000	0.27200
0.09400	0.39600	0.41400	0.09600
0.06000	0.02000	0.03000	0.89000
0.00400	0.01000	0.95600	0.03000
0.13400	0.00400	0.75800	0.10400
0.01000	0.02600	0.96000	0.00400
0.86000	0.01200	0.12200	0.00600
0.90400	0.00400	0.06400	0.02800
0.49800	0.19600	0.19800	0.10800
0.41400	0.21000	0.23200	0.14400
URL none

MOTIF RXRA_nuclearreceptor_3
letter-probability matrix: alength= 4 w= 14 nsites= 200
0.24890	0.09964	0.61019	0.04127
0.41028	0.00384	0.58444	0.00144
0.00285	0.00199	0.99104	0.00411
0.00322	0.00176	0.88836	0.10666
0.00114	0.00265	0.00905	0.98716
0.00203	0.92956	0.01210	0.05631
0.99586	0.00110	0.00259	0.00045
0.97236	0.00191	0.01783	0.00790
0.96873	0.00156	0.02930	0.00041
0.00098	0.00178	0.99597	0.00128
0.00151	0.00204	0.91641	0.08004
0.00109	0.00283	0.00663	0.98945
0.00137	0.95235	0.00759	0.03870
0.94384	0.00336	0.05201	0.00079
URL none

MOTIF BHLHE22_MA0818.1
letter-probability matrix: alength= 4 w= 10 nsites= 200
0.70365	0.03518	0.23275	0.02842
0.36276	0.43954	0.19002	0.00768
0.01141	0.98859	0.00000	0.00000
0.93190	0.01075	0.04301	0.01434
0.00000	0.00383	0.00000	0.99617
0.98485	0.00758	0.00379	0.00379
0.01900	0.08290	0.00000	0.89810
0.00000	0.00380	0.98859	0.00760
0.00768	0.37044	0.23608	0.38580
0.04332	0.30566	0.02527	0.62575
URL none

MOTIF E2F8_MA0865.1
letter-probability matrix: alength= 4 w= 12 nsites= 200
0.03191	0.03191	0.01064	0.92553
0.00000	0.03226	0.00000	0.96774
0.00000	0.00000	0.01075	0.98925
0.00000	0.98990	0.00000	0.01010
0.00000	0.96970	0.00000	0.03030
0.00000	0.98980	0.01020	0.00000
0.03077	0.05385	0.91539	0.00000
0.00000	0.98969	0.00000	0.01031
0.02020	0.93939	0.04040	0.00000
0.94118	0.01176	0.03529	0.01176
1.00000	0.00000	0.00000	0.00000
0.91861	0.02326	0.01163	0.04651
URL none

MOTIF LHX9_homeodomain_1
letter-probability matrix: alength= 4 w= 8 nsites= 200
0.18867	0.37933	0.19933	0.23267
0.07697	0.47968	0.00000	0.44335
0.74074	0.14321	0.04593	0.07012
1.00000	0.00000	0.00000	0.00000
0.00000	0.00000	0.00000	1.00000
0.03547	0.06543	0.14985	0.74925
0.87566	0.01635	0.06597	0.04203
0.37225	0.14743	0.35290	0.12742
URL none

MOTIF SMAD4_HUMAN.H11MO.0.B
letter-probability matrix: alength= 4 w= 13 nsites= 200
0.21932	0.44869	0.20322	0.12877
0.30785	0.10060	0.05231	0.53924
0.01811	0.01006	0.94567	0.02616
0.04628	0.04628	0.17706	0.73038
0.00201	0.98189	0.00805	0.00805
0.00201	0.00604	0.00201	0.98994
0.14487	0.21127	0.59759	0.04628
0.19316	0.14688	0.37022	0.28974
0.02817	0.93964	0.01610	0.01610
0.71227	0.05231	0.09255	0.14286
0.05231	0.69618	0.18913	0.06237
0.13481	0.57344	0.06439	0.22736
0.13682	0.20926	0.09457	0.55936
URL none

MOTIF HNF1B_HUMAN.H11MO.0.A
letter-probability matrix: alength= 4 w= 15 nsites= 200
0.32600	0.06800	0.35800	0.24800
0.14800	0.03400	0.75600	0.06200
0.02800	0.08000	0.08000	0.81200
0.14600	0.08200	0.04600	0.72600
0.98000	0.00200	0.01600	0.00200
0.93800	0.04600	0.00600	0.01000
0.05600	0.01000	0.00600	0.92800
0.41000	0.00000	0.59000	0.00000
0.76200	0.00400	0.05400	0.18000
0.04600	0.02400	0.12200	0.80800
0.01600	0.03800	0.00200	0.94400
0.69200	0.06400	0.13400	0.11000
0.79800	0.09400	0.06600	0.04200
0.07800	0.73200	0.04200	0.14800
0.24200	0.35800	0.06400	0.33600
URL none

MOTIF ZBTB33_MA0527.1
letter-probability matrix: alength= 4 w= 15 nsites= 200
0.11631	0.36312	0.20709	0.31348
0.00851	0.09362	0.04539	0.85248
0.03972	0.93475	0.01560	0.00993
0.01418	0.12624	0.00709	0.85248
0.00000	1.00000	0.00000	0.00000
0.04965	0.00000	0.94610	0.00426
0.00284	0.94752	0.00000	0.04965
0.00000	0.00000	1.00000	0.00000
0.65390	0.11348	0.16738	0.06525
0.01135	0.08085	0.63830	0.26950
0.59007	0.13333	0.20000	0.07660
0.12057	0.32908	0.19291	0.35745
0.02695	0.46525	0.06099	0.44681
0.11206	0.20567	0.15461	0.52766
0.12766	0.33050	0.37731	0.16454
URL none

MOTIF GSC_homeodomain_1
letter-probability matrix: alength= 4 w= 10 nsites= 200
0.20536	0.31437	0.33525	0.14502
0.15705	0.47443	0.09094	0.27759
0.00000	0.00880	0.00000	0.99120
0.94764	0.01106	0.02743	0.01387
1.00000	0.00000	0.00000	0.00000
0.00000	0.00400	0.02304	0.97296
0.05378	0.78607	0.05843	0.10173
0.03785	0.73063	0.09948	0.13204
0.13748	0.39434	0.28482	0.18336
0.18040	0.36129	0.10179	0.35652
URL none

MOTIF HNF1B_MA0153.2
letter-probability matrix: alength= 4 w= 13 nsites= 200
0.04363	0.02941	0.88048	0.04648
0.01530	0.07216	0.04055	0.87200
0.14040	0.08492	0.01906	0.75562
0.98530	0.00042	0.01272	0.00157
0.94153	0.03551	0.00427	0.01869
0.05776	0.02404	0.00196	0.91625
0.21084	0.29950	0.31215	0.17751
0.94717	0.00224	0.01843	0.03216
0.03872	0.01218	0.04651	0.90260
0.00253	0.02105	0.00003	0.97638
0.77053	0.01984	0.13170	0.07793
0.88881	0.04242	0.05706	0.01170
0.05367	0.51312	0.02174	0.41148
URL none

MOTIF HOXC11_homeodomain_4
letter-probability matrix: alength= 4 w= 11 nsites= 200
0.37610	0.13418	0.32909	0.16063
0.17351	0.15083	0.62600	0.04966
0.01681	0.57890	0.02988	0.37442
0.46262	0.42909	0.07658	0.03172
0.83076	0.00895	0.09032	0.06998
0.07168	0.00000	0.02478	0.90354
0.73467	0.05307	0.01189	0.20037
0.91817	0.00000	0.00450	0.07734
0.90194	0.06007	0.00000	0.03799
0.66385	0.14044	0.05006	0.14564
0.37378	0.26027	0.17319	0.19276
URL none

MOTIF NR1H3_HUMAN.H11MO.0.B
letter-probability matrix: alength= 4 w= 19 nsites= 200
0.16800	0.48200	0.20800	0.14200
0.42400	0.22400	0.12400	0.22800
0.37400	0.12600	0.42000	0.08000
0.54400	0.02600	0.38000	0.05000
0.12200	0.00600	0.81400	0.05800
0.03800	0.04400	0.75600	0.16200
0.06400	0.15800	0.15200	0.62600
0.14400	0.42800	0.08400	0.34400
0.83000	0.01800	0.05400	0.09800
0.11400	0.59200	0.14200	0.15200
0.22400	0.17800	0.08600	0.51200
0.24000	0.22800	0.29000	0.24200
0.22800	0.32400	0.28400	0.16400
0.66000	0.09000	0.17200	0.07800
0.08000	0.02600	0.83600	0.05800
0.10600	0.04000	0.71800	0.13600
0.15200	0.13800	0.22000	0.49000
0.07800	0.73800	0.07200	0.11200
0.87200	0.04400	0.04800	0.03600
URL none

MOTIF IRF9_MA0653.1
letter-probability matrix: alength= 4 w= 15 nsites= 200
0.94417	0.01416	0.01171	0.02996
0.57362	0.11942	0.04892	0.25803
0.01336	0.94546	0.00900	0.03218
0.01222	0.00085	0.98550	0.00142
0.99827	0.00144	0.00029	0.00000
0.99913	0.00000	0.00000	0.00086
0.99913	0.00058	0.00000	0.00029
0.01157	0.93299	0.05301	0.00242
0.00371	0.80366	0.00000	0.19263
0.00058	0.00000	0.99913	0.00029
0.99942	0.00058	0.00000	0.00000
0.99369	0.00029	0.00000	0.00602
0.99913	0.00000	0.00000	0.00086
0.00108	0.93400	0.06439	0.00054
0.02771	0.31598	0.00196	0.65435
URL none

MOTIF TFAP2C_TFAP_6
letter-probability matrix: alength= 4 w= 11 nsites= 200
0.37232	0.23879	0.11988	0.26901
0.00000	0.24158	0.74591	0.01251
0.00000	0.98276	0.01724	0.00000
0.01019	0.95088	0.00463	0.03429
0.04284	0.26485	0.12756	0.56475
0.16764	0.43470	0.31092	0.08675
0.72152	0.10711	0.13145	0.03992
0.07048	0.13963	0.68218	0.10771
0.00000	0.16730	0.78023	0.05247
0.02002	0.90848	0.06959	0.00191
0.38791	0.08869	0.20760	0.31579
URL none

MOTIF CEBPE_MA0837.1
letter-probability matrix: alength= 4 w= 10 nsites= 200
0.44917	0.22748	0.27152	0.05184
0.00688	0.01229	0.00369	0.97713
0.00462	0.00198	0.11961	0.87379
0.40794	0.00157	0.48329	0.10720
0.02509	0.83804	0.01582	0.12105
0.15120	0.03444	0.78646	0.02790
0.12342	0.78352	0.00256	0.09050
0.95117	0.04787	0.00000	0.00096
0.99899	0.00000	0.00000	0.00101
0.01298	0.43663	0.04909	0.50130
URL none

MOTIF GATA2_MOUSE.H11MO.0.A
letter-probability matrix: alength= 4 w= 11 nsites= 200
0.35000	0.11600	0.33200	0.20200
0.16400	0.43600	0.34800	0.05200
0.75200	0.01000	0.00600	0.23200
0.00000	0.00200	0.99400	0.00400
0.97800	0.01400	0.00600	0.00200
0.01600	0.04000	0.04800	0.89600
0.86200	0.05000	0.03000	0.05800
0.77000	0.02200	0.18600	0.02200
0.14800	0.24000	0.56800	0.04400
0.41800	0.17400	0.37000	0.03800
0.41800	0.14400	0.27400	0.16400
URL none

MOTIF ZBTB49_C2H2_1
letter-probability matrix: alength= 4 w= 17 nsites= 200
0.00000	0.05244	0.00000	0.94756
0.00000	0.00000	0.00000	1.00000
0.08754	0.25675	0.10584	0.54987
0.00115	0.72458	0.00402	0.27025
0.01219	0.00595	0.96758	0.01428
0.00000	0.99970	0.00000	0.00030
0.00403	0.49283	0.12814	0.37500
0.01291	0.00489	0.06038	0.92182
0.01489	0.00054	0.98023	0.00433
0.21553	0.03959	0.68501	0.05987
0.06934	0.83709	0.04127	0.05230
0.45164	0.32255	0.22297	0.00284
0.00000	0.42349	0.40823	0.16828
0.00179	0.00000	0.99821	0.00000
0.00000	0.03987	0.00176	0.95836
0.00000	1.00000	0.00000	0.00000
0.78591	0.00102	0.07419	0.13889
URL none

MOTIF GMEB2_SAND_2
letter-probability matrix: alength= 4 w= 14 nsites= 200
0.48632	0.00618	0.07502	0.43248
0.68714	0.00000	0.31190	0.00096
0.00287	0.99618	0.00096	0.00000
0.00096	0.00000	0.99808	0.00096
0.00000	0.03070	0.00000	0.96930
0.73123	0.01825	0.24982	0.00070
0.92870	0.04724	0.00446	0.01961
0.10323	0.64801	0.21828	0.03047
0.01243	0.86330	0.00911	0.11516
0.96571	0.00371	0.02873	0.00185
0.00000	1.00000	0.00000	0.00000
0.00000	0.05182	0.94727	0.00091
0.00096	0.16858	0.00096	0.82950
0.67051	0.00000	0.00384	0.32565
URL none

MOTIF MAFK_MA0496.2
letter-probability matrix: alength= 4 w= 19 nsites= 200
0.46842	0.08755	0.10732	0.33671
0.39795	0.09551	0.11142	0.39512
0.25122	0.17972	0.15071	0.41836
0.09409	0.05905	0.04223	0.80462
0.03569	0.04904	0.88626	0.02901
0.10757	0.84596	0.01168	0.03479
0.06470	0.04775	0.00809	0.87946
0.05764	0.02567	0.83209	0.08460
0.89127	0.01849	0.01900	0.07125
0.08241	0.28280	0.55225	0.08254
0.03877	0.01951	0.01977	0.92195
0.08318	0.85713	0.01630	0.04339
0.91335	0.00372	0.03928	0.04365
0.02940	0.01245	0.83171	0.12644
0.03607	0.88010	0.05083	0.03299
0.79101	0.04621	0.06149	0.10128
0.40860	0.14403	0.18344	0.26393
0.39589	0.10988	0.10475	0.38947
0.33530	0.10526	0.08819	0.47125
URL none

MOTIF TFAP2C_TFAP_4
letter-probability matrix: alength= 4 w= 12 nsites= 200
0.26300	0.25260	0.05349	0.43091
0.09490	0.26626	0.59051	0.04833
0.01526	0.93204	0.04854	0.00416
0.02408	0.95184	0.01416	0.00992
0.01935	0.61309	0.06994	0.29762
0.09524	0.37351	0.21577	0.31548
0.44792	0.25744	0.26488	0.02976
0.36012	0.05655	0.58333	0.00000
0.07943	0.10446	0.73123	0.08488
0.02328	0.22727	0.74501	0.00443
0.02259	0.79905	0.11534	0.06302
0.58333	0.09524	0.17411	0.14732
URL none

MOTIF SNAI1_HUMAN.H11MO.0.C
letter-probability matrix: alength= 4 w= 8 nsites= 200
0.19643	0.48214	0.26786	0.05357
0.00000	1.00000	0.00000	0.00000
1.00000	0.00000	0.00000	0.00000
0.00000	0.00000	1.00000	0.00000
0.00000	0.00000	1.00000	0.00000
0.00000	0.00000	0.00000	1.00000
0.00000	0.00000	1.00000	0.00000
0.05357	0.19643	0.48214	0.26786
URL none

MOTIF TF7L2_HUMAN.H11MO.0.A
letter-probability matrix: alength= 4 w= 13 nsites= 200
0.09800	0.35000	0.30800	0.24400
0.08600	0.54400	0.17400	0.19600
0.02000	0.85200	0.01600	0.11200
0.01600	0.03200	0.00000	0.95200
0.00200	0.05400	0.03200	0.91200
0.01600	0.00000	0.00400	0.98000
0.03200	0.16200	0.78000	0.02600
0.89200	0.01200	0.01600	0.08000
0.25200	0.00800	0.01600	0.72400
0.02400	0.42400	0.53600	0.01600
0.09800	0.17600	0.05000	0.67600
0.08800	0.25600	0.35200	0.30400
0.12400	0.23000	0.36000	0.28600
URL none

MOTIF CREB3L1_bZIP_1
letter-probability matrix: alength= 4 w= 14 nsites= 200
0.36811	0.21311	0.26975	0.14903
0.04236	0.17726	0.03233	0.74805
0.02809	0.00421	0.94242	0.02528
0.08311	0.91417	0.00000	0.00272
0.00442	0.98822	0.00000	0.00736
0.99555	0.00000	0.00445	0.00000
0.00000	0.99555	0.00445	0.00000
0.03022	0.00432	0.96547	0.00000
0.01028	0.00000	0.00441	0.98532
0.14370	0.79691	0.04751	0.01188
0.82331	0.04049	0.08834	0.04785
0.08942	0.27720	0.18629	0.44709
0.08539	0.75393	0.07191	0.08876
0.65146	0.06311	0.16214	0.12330
URL none

MOTIF Klf12_MA0742.1
letter-probability matrix: alength= 4 w= 15 nsites= 200
0.10536	0.02208	0.73060	0.14196
0.50502	0.01005	0.48493	0.00000
0.02699	0.94886	0.01136	0.01278
0.00725	0.97101	0.01739	0.00435
0.96712	0.03061	0.00227	0.00000
0.01308	0.98111	0.00000	0.00581
0.13608	0.00063	0.85316	0.01013
0.00000	0.99421	0.00000	0.00579
0.00000	0.96978	0.01236	0.01786
0.00000	0.98214	0.00000	0.01786
0.40474	0.11846	0.00000	0.47680
0.24818	0.22836	0.10323	0.42023
0.33442	0.25950	0.09120	0.31488
0.24536	0.19175	0.12062	0.44227
0.28466	0.22059	0.14811	0.34664
URL none

MOTIF MZF1_HUMAN.H11MO.0.B
letter-probability matrix: alength= 4 w= 13 nsites= 200
0.36600	0.13400	0.37800	0.12200
0.34400	0.11000	0.46400	0.08200
0.44600	0.03600	0.24600	0.27200
0.38400	0.00000	0.61000	0.00600
0.01200	0.00400	0.85400	0.13000
0.02200	0.00000	0.97400	0.00400
0.00600	0.00600	0.98400	0.00400
0.98800	0.00400	0.00400	0.00400
0.40600	0.01000	0.10600	0.47800
0.05200	0.14400	0.26000	0.54400
0.18400	0.14000	0.37600	0.30000
0.29200	0.11400	0.47800	0.11600
0.34800	0.17200	0.36000	0.12000
URL none

MOTIF JUNB_MA1140.1
letter-probability matrix: alength= 4 w= 10 nsites= 200
0.52800	0.10200	0.27400	0.09600
0.04300	0.02500	0.03600	0.89600
0.03103	0.06907	0.60861	0.29129
0.85000	0.02000	0.06600	0.06400
0.03000	0.82500	0.06100	0.08400
0.08292	0.05794	0.82717	0.03197
0.06200	0.06300	0.02300	0.85200
0.29000	0.60500	0.07200	0.03300
0.89311	0.03297	0.02897	0.04496
0.09491	0.27073	0.10490	0.52947
URL none

MOTIF STAT6_HUMAN.H11MO.0.B
letter-probability matrix: alength= 4 w= 11 nsites= 200
0.01400	0.11800	0.07200	0.79600
0.03400	0.03800	0.05400	0.87400
0.08400	0.86800	0.01600	0.03200
0.18400	0.24000	0.03400	0.54200
0.07800	0.48000	0.32400	0.11800
0.52600	0.18000	0.00200	0.29200
0.26200	0.01200	0.69200	0.03400
0.03200	0.00600	0.93200	0.03000
0.94200	0.03200	0.01800	0.00800
0.92600	0.01000	0.05400	0.01000
0.42400	0.20800	0.32400	0.04400
URL none

MOTIF FOXK2_MA1103.1
letter-probability matrix: alength= 4 w= 11 nsites= 200
0.41983	0.16961	0.19631	0.21424
0.25448	0.16485	0.19418	0.38649
0.22753	0.04626	0.67782	0.04839
0.01454	0.00664	0.01755	0.96126
0.96904	0.01492	0.00777	0.00827
0.88166	0.05014	0.01417	0.05403
0.96502	0.00940	0.00715	0.01843
0.01141	0.87301	0.00990	0.10568
0.96277	0.00840	0.01417	0.01467
0.30475	0.23505	0.22239	0.23781
0.27792	0.23593	0.33647	0.14968
URL none

MOTIF BHA15_HUMAN.H11MO.0.B
letter-probability matrix: alength= 4 w= 11 nsites= 200
0.17200	0.28600	0.47200	0.07000
0.15200	0.45000	0.29600	0.10200
0.68800	0.06800	0.20000	0.04400
0.28000	0.10800	0.61000	0.00200
0.05600	0.92200	0.01600	0.00600
0.98400	0.00400	0.01000	0.00200
0.00600	0.00400	0.96400	0.02600
0.05400	0.87800	0.06400	0.00400
0.02600	0.01200	0.00400	0.95800
0.00400	0.00400	0.98200	0.01000
0.00200	0.14800	0.63400	0.21600
URL none

MOTIF XBP1_MOUSE.H11MO.0.C
letter-probability matrix: alength= 4 w= 12 nsites= 200
0.00000	0.00000	0.97573	0.02427
1.00000	0.00000	0.00000	0.00000
0.00000	1.00000	0.00000	0.00000
0.00000	0.00000	1.00000	0.00000
0.00000	0.00000	0.00000	1.00000
0.00031	0.00000	0.99833	0.00136
0.00000	0.00000	0.43527	0.56473
0.16245	0.75640	0.02123	0.05992
0.45093	0.30498	0.11725	0.12684
0.23127	0.21953	0.08038	0.46881
0.33649	0.03116	0.02246	0.60988
0.38660	0.11164	0.15253	0.34923
URL none

MOTIF Arid3b_MA0601.1
letter-probability matrix: alength= 4 w= 11 nsites= 200
0.46847	0.17718	0.17718	0.17718
0.27327	0.08008	0.08008	0.56657
0.60900	0.11900	0.03400	0.23800
0.10410	0.00000	0.00000	0.89590
0.00000	0.00000	0.00000	1.00000
1.00000	0.00000	0.00000	0.00000
0.91100	0.00000	0.00000	0.08900
0.08900	0.00000	0.00000	0.91100
0.26174	0.16783	0.07293	0.49750
0.49000	0.17000	0.17000	0.17000
0.35135	0.21622	0.21622	0.21622
URL none

MOTIF MEOX1_homeodomain_1
letter-probability matrix: alength= 4 w= 10 nsites= 200
0.30190	0.23459	0.32856	0.13495
0.04594	0.50138	0.41746	0.03522
0.01817	0.11524	0.01504	0.85155
0.74294	0.21000	0.03739	0.00966
0.99834	0.00000	0.00067	0.00100
0.00263	0.00955	0.00000	0.98782
0.00391	0.06752	0.09152	0.83705
0.89713	0.00000	0.10108	0.00179
0.31877	0.30377	0.14972	0.22774
0.19060	0.43619	0.20460	0.16861
URL none

MOTIF HIC2_MA0738.1
letter-probability matrix: alength= 4 w= 9 nsites= 200
0.46108	0.06971	0.40428	0.06493
0.00000	0.02336	0.00000	0.97664
0.08387	0.06010	0.83039	0.02564
0.00467	0.99249	0.00284	0.00000
0.08078	0.90826	0.00000	0.01096
0.29973	0.70027	0.00000	0.00000
0.50961	0.14513	0.26370	0.08156
0.15743	0.44981	0.25291	0.13985
0.15539	0.35412	0.20466	0.28583
URL none

MOTIF GCR_HUMAN.H11MO.0.A
letter-probability matrix: alength= 4 w= 15 nsites= 200
0.47000	0.04600	0.35400	0.13000
0.09200	0.01000	0.83800	0.06000
0.44400	0.15600	0.21800	0.18200
0.89800	0.02600	0.02800	0.04800
0.01200	0.94800	0.02600	0.01400
0.76200	0.02800	0.09000	0.12000
0.15800	0.29800	0.35200	0.19200
0.63200	0.36800	0.00000	0.00000
0.40200	0.28400	0.21800	0.09600
0.18000	0.05400	0.03600	0.73000
0.01400	0.02200	0.95400	0.01000
0.05200	0.03800	0.02400	0.88600
0.19000	0.26600	0.18200	0.36200
0.06200	0.84800	0.00600	0.08400
0.17600	0.35200	0.02600	0.44600
URL none

MOTIF FOSL2+JUND_MA1145.1
letter-probability matrix: alength= 4 w= 15 nsites= 200
0.19800	0.17700	0.28600	0.33900
0.21900	0.18900	0.34000	0.25200
0.55844	0.04496	0.33966	0.05694
0.02600	0.02700	0.01000	0.93700
0.00701	0.04605	0.67868	0.26827
0.94300	0.00600	0.03100	0.02000
0.01201	0.91191	0.03503	0.04104
0.13487	0.01499	0.82218	0.02797
0.02800	0.01200	0.01000	0.95000
0.03297	0.94106	0.01499	0.01099
0.97200	0.00600	0.01100	0.01100
0.02300	0.34500	0.05500	0.57700
0.21700	0.43400	0.10400	0.24500
0.16200	0.22200	0.41600	0.20000
0.24800	0.28800	0.24100	0.22300
URL none

MOTIF TEAD3_TEA_2
letter-probability matrix: alength= 4 w= 8 nsites= 200
0.55398	0.00292	0.39407	0.04903
0.11533	0.86452	0.02015	0.00000
1.00000	0.00000	0.00000	0.00000
0.00000	0.00000	0.00000	1.00000
0.20351	0.00103	0.04319	0.75227
0.00000	1.00000	0.00000	0.00000
0.00000	0.99981	0.00000	0.00019
0.47866	0.02319	0.19317	0.30498
URL none

MOTIF ZN263_HUMAN.H11MO.0.A
letter-probability matrix: alength= 4 w= 20 nsites= 200
0.20241	0.03407	0.71142	0.05210
0.02405	0.02004	0.91984	0.03607
0.01804	0.02204	0.95792	0.00200
0.98397	0.01403	0.00000	0.00200
0.04810	0.00200	0.90982	0.04008
0.02605	0.11022	0.84769	0.01603
0.93788	0.00802	0.04609	0.00802
0.10421	0.21042	0.63527	0.05010
0.04409	0.16633	0.62926	0.16032
0.34269	0.16032	0.42485	0.07214
0.41683	0.15030	0.34068	0.09218
0.11022	0.11423	0.71744	0.05812
0.41283	0.11022	0.39078	0.08617
0.23247	0.10822	0.59118	0.06814
0.18838	0.09218	0.62124	0.09820
0.42084	0.11423	0.38076	0.08417
0.22245	0.12625	0.55311	0.09820
0.17635	0.13627	0.56914	0.11824
0.43888	0.10421	0.35270	0.10421
0.28858	0.12024	0.52505	0.06613
URL none

MOTIF PAX7_PAX_2
letter-probability matrix: alength= 4 w= 10 nsites= 200
0.14913	0.01494	0.02152	0.81441
0.98933	0.00480	0.00427	0.00160
0.99919	0.00081	0.00000	0.00000
0.00161	0.00562	0.00080	0.99197
0.00267	0.78407	0.00641	0.20684
0.30388	0.00723	0.68889	0.00000
0.99464	0.00000	0.00268	0.00268
0.00323	0.00000	0.00000	0.99677
0.00558	0.00664	0.00239	0.98538
0.90972	0.01766	0.01153	0.06109
URL none

MOTIF SMAD3_MA0795.1
letter-probability matrix: alength= 4 w= 10 nsites= 200
0.13408	0.44264	0.02106	0.40223
0.00564	0.00451	0.98477	0.00508
0.02779	0.00783	0.02240	0.94199
0.00256	0.99261	0.00313	0.00171
0.00000	0.01289	0.00869	0.97842
0.98532	0.00847	0.00621	0.00000
0.00000	0.00285	0.99629	0.00086
0.93068	0.05305	0.00133	0.01493
0.00565	0.98588	0.00282	0.00565
0.69834	0.08682	0.06321	0.15163
URL none

MOTIF MEF2D_HUMAN.H11MO.0.A
letter-probability matrix: alength= 4 w= 12 nsites= 200
0.31200	0.05600	0.30200	0.33000
0.06800	0.06400	0.50000	0.36800
0.02400	0.75800	0.06000	0.15800
0.00200	0.02000	0.00600	0.97200
0.97000	0.00200	0.00200	0.02600
0.05400	0.00600	0.00400	0.93600
0.08000	0.01200	0.00800	0.90000
0.09400	0.04000	0.00600	0.86000
0.29800	0.08600	0.01200	0.60400
0.08600	0.01400	0.05400	0.84600
0.75400	0.00000	0.23600	0.01000
0.09400	0.03200	0.78600	0.08800
URL none

MOTIF FOXQ1_MOUSE.H11MO.0.C
letter-probability matrix: alength= 4 w= 12 nsites= 200
0.30769	0.30769	0.07692	0.30769
0.69231	0.07692	0.23077	0.00000
0.07692	0.15385	0.00000	0.76923
0.00000	0.00000	0.00000	1.00000
0.00000	0.00000	1.00000	0.00000
0.00000	0.00000	0.00000	1.00000
0.00000	0.00000	0.00000	1.00000
0.00000	0.00000	0.00000	1.00000
1.00000	0.00000	0.00000	0.00000
0.00000	0.00000	0.07692	0.92308
0.15385	0.00000	0.23077	0.61538
0.00000	0.30769	0.00000	0.69231
URL none

MOTIF TBX19_MA0804.1
letter-probability matrix: alength= 4 w= 20 nsites= 200
0.26372	0.13882	0.20474	0.39272
0.18172	0.10398	0.19282	0.52148
0.00747	0.02272	0.00481	0.96499
0.27618	0.49321	0.18286	0.04775
0.61843	0.01210	0.31933	0.05014
0.00238	0.98746	0.00301	0.00715
0.94036	0.00151	0.05732	0.00081
0.06839	0.75751	0.03853	0.13558
0.22517	0.44116	0.20989	0.12378
0.10346	0.08192	0.05369	0.76093
0.74784	0.04223	0.10720	0.10273
0.13053	0.17018	0.48105	0.21824
0.14077	0.02997	0.76134	0.06792
0.00175	0.06370	0.00566	0.92889
0.00565	0.00041	0.99134	0.00260
0.06634	0.28843	0.01665	0.62858
0.04111	0.09950	0.64653	0.21286
0.96330	0.00338	0.02615	0.00716
0.57190	0.14208	0.12992	0.15611
0.44364	0.16489	0.16387	0.22760
URL none

MOTIF Hes1_MA1099.1
letter-probability matrix: alength= 4 w= 10 nsites= 200
0.18700	0.25800	0.37700	0.17800
0.20900	0.29900	0.39600	0.09600
0.04000	0.87500	0.01400	0.07100
0.74374	0.03303	0.14114	0.08208
0.02900	0.83300	0.05600	0.08200
0.16484	0.04096	0.76823	0.02597
0.11588	0.46953	0.06693	0.34765
0.05800	0.11300	0.66100	0.16800
0.22600	0.30200	0.15100	0.32100
0.21722	0.38438	0.19820	0.20020
URL none

MOTIF P63_MOUSE.H11MO.0.B
letter-probability matrix: alength= 4 w= 19 nsites= 200
0.29200	0.07400	0.41800	0.21600
0.41000	0.01600	0.48400	0.09000
0.00000	0.98400	0.00400	0.01200
0.75800	0.09000	0.09600	0.05600
0.37200	0.01400	0.15400	0.46000
0.00200	0.00200	0.99400	0.00200
0.08200	0.45000	0.01000	0.45800
0.13400	0.52800	0.10800	0.23000
0.02000	0.78800	0.14200	0.05000
0.55800	0.18400	0.03800	0.22000
0.20200	0.04200	0.64400	0.11200
0.41600	0.00600	0.48000	0.09800
0.00200	0.99400	0.00400	0.00000
0.52600	0.17200	0.01400	0.28800
0.09200	0.09600	0.12800	0.68400
0.02200	0.01000	0.96200	0.00600
0.06000	0.52000	0.02200	0.39800
0.21000	0.43200	0.09000	0.26800
0.13400	0.40000	0.20000	0.26600
URL none

MOTIF AR_nuclearreceptor_1
letter-probability matrix: alength= 4 w= 17 nsites= 200
0.42086	0.10357	0.23376	0.24182
0.39310	0.00322	0.59325	0.01042
0.00210	0.00000	0.98910	0.00879
0.32067	0.10615	0.06889	0.50429
0.99301	0.00067	0.00166	0.00466
0.00040	0.99249	0.00119	0.00593
0.72818	0.00359	0.24204	0.02618
0.16205	0.46397	0.10173	0.27225
0.13324	0.27445	0.46978	0.12253
0.33200	0.08747	0.41013	0.17040
0.02152	0.28890	0.00315	0.68643
0.00309	0.00000	0.99497	0.00193
0.00736	0.00000	0.00483	0.98781
0.48271	0.04481	0.11293	0.35954
0.00670	0.99015	0.00000	0.00315
0.00713	0.75250	0.00749	0.23288
0.10513	0.49040	0.10226	0.30221
URL none

MOTIF SHOX_MA0630.1
letter-probability matrix: alength= 4 w= 8 nsites= 200
0.17918	0.30130	0.16216	0.35736
0.07407	0.03003	0.00901	0.88689
0.85200	0.04800	0.05500	0.04500
0.99100	0.00200	0.00500	0.00200
0.01500	0.01500	0.02700	0.94300
0.09800	0.05000	0.08400	0.76800
0.41642	0.04805	0.42442	0.11111
0.30100	0.18700	0.37900	0.13300
URL none

MOTIF RREB1_MA0073.1
letter-probability matrix: alength= 4 w= 20 nsites= 200
0.27273	0.72727	0.00000	0.00000
0.09091	0.90909	0.00000	0.00000
0.27273	0.72727	0.00000	0.00000
0.00000	1.00000	0.00000	0.00000
0.63636	0.36364	0.00000	0.00000
0.81818	0.18182	0.00000	0.00000
0.72727	0.27273	0.00000	0.00000
0.36364	0.54546	0.00000	0.09091
0.00000	1.00000	0.00000	0.00000
1.00000	0.00000	0.00000	0.00000
0.36364	0.63636	0.00000	0.00000
0.09091	0.90909	0.00000	0.00000
0.27273	0.72727	0.00000	0.00000
0.36364	0.54546	0.09091	0.00000
0.18182	0.81818	0.00000	0.00000
0.36364	0.45454	0.00000	0.18182
0.36364	0.45454	0.09091	0.09091
0.36364	0.54546	0.00000	0.09091
0.09091	0.63636	0.27273	0.00000
0.36364	0.36364	0.18182	0.09091
URL none

MOTIF NKX2-3_MA0672.1
letter-probability matrix: alength= 4 w= 10 nsites= 200
0.38500	0.23518	0.21438	0.16545
0.12702	0.58198	0.28221	0.00878
0.00402	0.98201	0.00000	0.01397
0.96225	0.01016	0.00166	0.02593
0.00086	0.99914	0.00000	0.00000
0.00000	0.00000	0.00194	0.99806
0.00000	0.09191	0.00000	0.90809
0.38304	0.13105	0.45493	0.03098
0.64150	0.06340	0.12660	0.16850
0.34167	0.29683	0.30050	0.06100
URL none

MOTIF POU3F1_POU_2
letter-probability matrix: alength= 4 w= 12 nsites= 200
0.52372	0.11712	0.08821	0.27094
0.13873	0.07371	0.04242	0.74513
0.19191	0.04790	0.69353	0.06667
0.41800	0.50930	0.00519	0.06750
0.91425	0.02730	0.01707	0.04138
0.01190	0.00549	0.00183	0.98078
0.73190	0.02322	0.03415	0.21072
0.70010	0.07285	0.02548	0.20157
0.35940	0.04957	0.03461	0.55641
0.14727	0.07206	0.16786	0.61281
0.27252	0.22025	0.06906	0.43817
0.68907	0.07685	0.08650	0.14759
URL none

MOTIF NFIX_NFI_2
letter-probability matrix: alength= 4 w= 9 nsites= 200
0.24194	0.26807	0.26549	0.22450
0.23831	0.18665	0.33030	0.24474
0.18877	0.16226	0.09893	0.55003
0.00369	0.00521	0.92002	0.07108
0.00008	0.90903	0.09009	0.00080
0.00000	1.00000	0.00000	0.00000
0.92878	0.06302	0.00509	0.00311
0.66652	0.02750	0.25733	0.04865
0.25106	0.27504	0.27796	0.19593
URL none

MOTIF GCM1_MA0646.1
letter-probability matrix: alength= 4 w= 11 nsites= 200
0.11764	0.39895	0.24040	0.24302
0.77900	0.06580	0.14571	0.00948
0.00737	0.00705	0.00439	0.98119
0.16748	0.01050	0.82145	0.00057
0.04194	0.89729	0.02394	0.03683
0.02276	0.00977	0.82132	0.14615
0.00000	0.00019	0.99818	0.00163
0.00000	0.00084	0.99870	0.00047
0.00546	0.18680	0.00550	0.80224
0.62452	0.08462	0.23219	0.05867
0.03680	0.62559	0.22524	0.11237
URL none

MOTIF DUX4_MA0468.1
letter-probability matrix: alength= 4 w= 11 nsites= 200
0.19094	0.06528	0.02562	0.71816
0.96818	0.00000	0.03182	0.00000
1.00000	0.00000	0.00000	0.00000
0.13680	0.30549	0.05239	0.50533
0.00000	0.43117	0.13034	0.43850
0.00000	0.36505	0.16032	0.47463
0.92310	0.07559	0.00000	0.00131
1.00000	0.00000	0.00000	0.00000
0.00000	0.00000	0.00000	1.00000
0.00000	0.97883	0.00000	0.02117
0.88437	0.00000	0.00000	0.11563
URL none

MOTIF GLI1_MOUSE.H11MO.0.C
letter-probability matrix: alength= 4 w= 12 nsites= 200
0.11200	0.39200	0.18400	0.31200
0.03400	0.47200	0.40000	0.09400
0.07000	0.07600	0.01200	0.84200
0.02000	0.02800	0.90600	0.04600
0.01000	0.01200	0.76400	0.21400
0.01200	0.04000	0.94800	0.00000
0.06600	0.02200	0.02000	0.89200
0.01200	0.00800	0.97400	0.00600
0.01600	0.00400	0.93800	0.04200
0.01400	0.23800	0.15200	0.59600
0.04200	0.88000	0.04200	0.03600
0.11600	0.36000	0.06000	0.46400
URL none

MOTIF E2F1_MOUSE.H11MO.0.A
letter-probability matrix: alength= 4 w= 12 nsites= 200
0.17800	0.16200	0.50800	0.15200
0.37200	0.11400	0.33600	0.17800
0.17000	0.02400	0.64400	0.16200
0.05800	0.10400	0.82600	0.01200
0.01400	0.00800	0.97400	0.00400
0.01600	0.92400	0.00400	0.05600
0.02400	0.00800	0.93400	0.03400
0.07800	0.01800	0.88400	0.02000
0.02200	0.01600	0.96200	0.00000
0.57400	0.04200	0.37000	0.01400
0.50600	0.28200	0.16400	0.04800
0.35600	0.20200	0.30200	0.14000
URL none

MOTIF NFYA_MOUSE.H11MO.0.A
letter-probability matrix: alength= 4 w= 14 nsites= 200
0.12200	0.32400	0.21000	0.34400
0.09000	0.41000	0.12200	0.37800
0.50400	0.10000	0.35200	0.04400
0.37600	0.01400	0.49000	0.12000
0.00600	0.99000	0.00000	0.00400
0.00400	0.98600	0.00200	0.00800
1.00000	0.00000	0.00000	0.00000
0.96800	0.01200	0.01800	0.00200
0.00400	0.02000	0.00400	0.97200
0.14400	0.55400	0.25800	0.04400
0.67400	0.05200	0.26200	0.01200
0.23400	0.17800	0.52200	0.06600
0.58000	0.21200	0.14000	0.06800
0.46000	0.03000	0.39600	0.11400
URL none

MOTIF HSF1_MOUSE.H11MO.0.A
letter-probability matrix: alength= 4 w= 15 nsites= 200
0.16400	0.26600	0.16600	0.40400
0.60200	0.02400	0.34200	0.03200
0.00800	0.00000	0.99000	0.00200
0.94000	0.03200	0.01600	0.01200
0.91200	0.01800	0.04000	0.03000
0.28800	0.25800	0.25000	0.20400
0.21200	0.23200	0.36200	0.19400
0.08600	0.07200	0.03600	0.80600
0.05600	0.01600	0.07200	0.85600
0.00400	0.99000	0.00600	0.00000
0.01000	0.31800	0.04200	0.63000
0.66200	0.00800	0.32200	0.00800
0.00000	0.00000	0.99400	0.00600
0.91800	0.01800	0.03600	0.02800
0.81400	0.04600	0.10200	0.03800
URL none

MOTIF BCL6_MOUSE.H11MO.0.A
letter-probability matrix: alength= 4 w= 13 nsites= 200
0.18000	0.21600	0.17800	0.42600
0.20800	0.14400	0.44000	0.20800
0.18200	0.62600	0.08600	0.10600
0.14400	0.12600	0.05400	0.67600
0.04800	0.31600	0.06800	0.56800
0.04000	0.04400	0.01200	0.90400
0.00400	0.87600	0.00800	0.11200
0.03800	0.52400	0.04600	0.39200
0.95600	0.02000	0.01600	0.00800
0.13000	0.00400	0.81200	0.05400
0.02800	0.06600	0.83800	0.06800
0.67200	0.09600	0.13600	0.09600
0.77600	0.07200	0.02600	0.12600
URL none

MOTIF SOX9_HMG_5
letter-probability matrix: alength= 4 w= 17 nsites= 200
0.54234	0.05994	0.25334	0.14439
0.99889	0.00089	0.00000	0.00022
0.99800	0.00000	0.00200	0.00000
0.00045	0.99955	0.00000	0.00000
1.00000	0.00000	0.00000	0.00000
0.99778	0.00000	0.00200	0.00022
0.00000	0.00045	0.00000	0.99955
0.00000	0.00089	0.19995	0.79915
0.13617	0.05572	0.46913	0.33898
0.00045	0.81444	0.00000	0.18512
0.99733	0.00133	0.00133	0.00000
0.00000	0.00000	0.99051	0.00949
0.00022	0.00089	0.00000	0.99889
0.00000	0.00000	1.00000	0.00000
0.00067	0.00000	0.00089	0.99844
0.00352	0.00748	0.00198	0.98702
0.18543	0.23936	0.09271	0.48251
URL none

MOTIF MYBL1_MYB_3
letter-probability matrix: alength= 4 w= 11 nsites= 200
0.34099	0.18705	0.17069	0.30127
0.36314	0.23828	0.08684	0.31174
0.58966	0.04821	0.24928	0.11286
0.77206	0.02332	0.15561	0.04901
0.02038	0.96577	0.00366	0.01019
0.03889	0.94655	0.00000	0.01456
0.00000	0.00000	1.00000	0.00000
0.00159	0.05355	0.00319	0.94167
0.02992	0.19911	0.01462	0.75635
0.62929	0.04978	0.14145	0.17947
0.50725	0.18535	0.12534	0.18205
URL none

MOTIF BACH2_HUMAN.H11MO.0.A
letter-probability matrix: alength= 4 w= 11 nsites= 200
0.12200	0.09600	0.06800	0.71400
0.01400	0.07800	0.89400	0.01400
0.04400	0.92400	0.01200	0.02000
0.07800	0.03800	0.00800	0.87600
0.05800	0.06000	0.79400	0.08800
0.75800	0.03800	0.05600	0.14800
0.04400	0.22400	0.67000	0.06200
0.01000	0.01600	0.00800	0.96600
0.06000	0.92000	0.01600	0.00400
0.96400	0.01200	0.00800	0.01600
0.05600	0.32000	0.21200	0.41200
URL none

MOTIF MEOX2_homeodomain_1
letter-probability matrix: alength= 4 w= 10 nsites= 200
0.33846	0.15968	0.28555	0.21631
0.10893	0.29861	0.50048	0.09197
0.04724	0.16256	0.02065	0.76955
0.64967	0.24401	0.08188	0.02443
0.93909	0.03092	0.01067	0.01931
0.00314	0.00157	0.00698	0.98831
0.03192	0.16731	0.13780	0.66297
0.81339	0.01220	0.13933	0.03508
0.40259	0.14125	0.17075	0.28542
0.24732	0.30068	0.23854	0.21346
URL none

MOTIF HXA9_HUMAN.H11MO.0.B
letter-probability matrix: alength= 4 w= 11 nsites= 200
0.46000	0.10600	0.23400	0.20000
0.16800	0.00800	0.04600	0.77800
0.10600	0.01000	0.84000	0.04400
0.95450	0.02050	0.00850	0.01650
0.02850	0.00850	0.02850	0.93450
0.04450	0.00050	0.04050	0.91450
0.03850	0.06850	0.12650	0.76650
0.92650	0.01850	0.04650	0.00850
0.03250	0.15250	0.04450	0.77050
0.19450	0.03850	0.47450	0.29250
0.27650	0.06050	0.49250	0.17050
URL none

MOTIF PITX3_homeodomain_1
